Main - compliance	Left branch first (far)	Right branch first (close)	Left branch second (far)	Right branch second (close)

0.567	0.317	0.360	0.264	0.317
0.567	0.317	0.360	0.254	0.327
0.567	0.317	0.360	0.254	0.317
0.567	0.317	0.360	0.264	0.327
0.567	0.317	0.360	0.264	0.317
0.567	0.307	0.350	0.264	0.317
0.567	0.317	0.350	0.254	0.317
0.567	0.307	0.360	0.254	0.317
0.567	0.317	0.360	0.264	0.317
0.567	0.317	0.350	0.254	0.317
0.567	0.317	0.360	0.254	0.317
0.567	0.317	0.360	0.264	0.317
0.567	0.317	0.360	0.264	0.317
0.567	0.317	0.350	0.264	0.317
0.567	0.317	0.360	0.264	0.317
0.567	0.317	0.360	0.264	0.317
0.567	0.317	0.350	0.264	0.317
0.567	0.317	0.350	0.264	0.317
0.567	0.307	0.360	0.254	0.317
0.567	0.317	0.360	0.254	0.317
0.567	0.317	0.360	0.264	0.317
0.567	0.317	0.360	0.254	0.327
0.567	0.307	0.350	0.264	0.317
0.567	0.307	0.360	0.264	0.317
0.567	0.317	0.360	0.264	0.317
0.567	0.317	0.360	0.254	0.317
0.567	0.317	0.360	0.254	0.317
0.567	0.317	0.360	0.254	0.317
0.567	0.317	0.360	0.254	0.317
0.567	0.317	0.360	0.254	0.317
0.567	0.317	0.350	0.254	0.317
0.567	0.317	0.360	0.254	0.317
0.567	0.317	0.360	0.254	0.317
0.567	0.317	0.360	0.254	0.317
0.567	0.317	0.360	0.264	0.317
0.567	0.317	0.360	0.264	0.317
0.567	0.317	0.360	0.254	0.317
0.567	0.317	0.350	0.254	0.317
0.567	0.317	0.360	0.264	0.317
0.567	0.317	0.350	0.254	0.317
0.567	0.317	0.360	0.254	0.317
0.567	0.317	0.360	0.254	0.317
0.567	0.317	0.360	0.254	0.317
0.567	0.317	0.350	0.264	0.317
0.567	0.317	0.360	0.254	0.317
0.567	0.307	0.360	0.254	0.317
0.567	0.317	0.360	0.264	0.317
0.567	0.317	0.360	0.254	0.317
0.567	0.317	0.360	0.264	0.317
0.567	0.317	0.360	0.264	0.327
0.567	0.317	0.360	0.254	0.317
0.567	0.317	0.360	0.264	0.317
0.567	0.317	0.360	0.254	0.317
0.567	0.317	0.360	0.264	0.317
0.567	0.317	0.350	0.264	0.317
0.567	0.317	0.360	0.254	0.317
0.567	0.317	0.360	0.254	0.327
0.567	0.317	0.360	0.254	0.317
0.567	0.317	0.360	0.254	0.317
0.567	0.317	0.360	0.254	0.327
0.567	0.317	0.350	0.254	0.317
0.567	0.317	0.360	0.264	0.317
0.567	0.317	0.350	0.254	0.317
0.567	0.317	0.350	0.264	0.317
0.567	0.317	0.360	0.264	0.317
0.567	0.307	0.350	0.254	0.317
0.567	0.317	0.360	0.264	0.317
0.567	0.317	0.360	0.254	0.317
0.567	0.317	0.360	0.264	0.327
0.567	0.307	0.360	0.254	0.317
0.567	0.317	0.360	0.254	0.317
0.567	0.317	0.360	0.254	0.317
0.567	0.317	0.360	0.254	0.317
0.567	0.317	0.360	0.264	0.317
0.567	0.317	0.350	0.264	0.317
0.567	0.317	0.360	0.254	0.317
0.567	0.307	0.360	0.264	0.317
0.567	0.307	0.360	0.254	0.317
0.567	0.317	0.360	0.254	0.317
0.567	0.307	0.360	0.264	0.317
0.567	0.317	0.350	0.254	0.317
0.567	0.317	0.360	0.254	0.327
0.567	0.317	0.360	0.254	0.317
0.567	0.317	0.360	0.254	0.317
0.567	0.317	0.350	0.254	0.317
0.567	0.317	0.350	0.264	0.317
0.567	0.317	0.360	0.254	0.317
0.567	0.317	0.360	0.264	0.327
0.567	0.317	0.360	0.264	0.317
0.567	0.307	0.350	0.254	0.327
0.567	0.317	0.360	0.254	0.317
0.567	0.317	0.350	0.254	0.327
0.567	0.317	0.360	0.254	0.317
0.567	0.317	0.360	0.254	0.327
0.567	0.317	0.350	0.264	0.317
0.567	0.317	0.360	0.254	0.317
0.567	0.317	0.360	0.264	0.317
0.567	0.317	0.360	0.264	0.317
0.567	0.307	0.360	0.254	0.317
0.567	0.317	0.360	0.264	0.317
0.567	0.317	0.360	0.254	0.317
0.567	0.317	0.350	0.254	0.317
0.567	0.317	0.360	0.254	0.327
0.567	0.317	0.350	0.254	0.317
0.567	0.307	0.350	0.254	0.317
0.567	0.317	0.360	0.254	0.317
0.567	0.317	0.360	0.254	0.317
0.567	0.317	0.350	0.254	0.317
0.567	0.317	0.350	0.254	0.317
0.567	0.317	0.360	0.254	0.317
0.567	0.317	0.360	0.254	0.317
0.567	0.307	0.350	0.254	0.317
0.567	0.317	0.350	0.264	0.327
0.567	0.317	0.360	0.264	0.317
0.567	0.317	0.350	0.264	0.317
0.567	0.317	0.350	0.264	0.317
0.567	0.317	0.350	0.254	0.317
0.567	0.317	0.360	0.254	0.317
0.567	0.317	0.360	0.254	0.317
0.567	0.317	0.360	0.264	0.317
0.567	0.317	0.360	0.254	0.317
0.567	0.317	0.350	0.254	0.317
0.567	0.317	0.360	0.264	0.317
0.567	0.317	0.360	0.254	0.317
0.567	0.317	0.350	0.254	0.317
0.567	0.307	0.360	0.254	0.317
0.567	0.317	0.360	0.264	0.317
0.567	0.317	0.350	0.254	0.317
0.567	0.317	0.360	0.254	0.317
0.567	0.317	0.350	0.264	0.317
0.567	0.307	0.360	0.254	0.317
0.567	0.317	0.360	0.254	0.317
0.567	0.317	0.360	0.254	0.327
0.567	0.307	0.350	0.264	0.317
0.567	0.317	0.360	0.254	0.317
0.567	0.317	0.360	0.254	0.327
0.567	0.317	0.360	0.254	0.327
0.567	0.317	0.360	0.264	0.317
0.567	0.317	0.360	0.254	0.327
0.567	0.307	0.360	0.254	0.327
0.567	0.307	0.350	0.254	0.317
0.567	0.317	0.360	0.254	0.317
0.567	0.317	0.360	0.254	0.317
0.567	0.317	0.360	0.264	0.317
0.567	0.317	0.360	0.264	0.317
0.567	0.317	0.360	0.254	0.317
0.567	0.317	0.360	0.254	0.317
0.567	0.307	0.350	0.254	0.317
0.567	0.317	0.360	0.254	0.317
0.567	0.317	0.360	0.264	0.317
0.567	0.317	0.350	0.264	0.327
0.567	0.317	0.360	0.264	0.317
0.567	0.317	0.360	0.254	0.327
0.567	0.317	0.350	0.264	0.317
0.567	0.317	0.350	0.254	0.317
0.567	0.307	0.360	0.254	0.317
0.567	0.307	0.350	0.254	0.317
0.567	0.317	0.350	0.264	0.327
0.567	0.307	0.360	0.254	0.317
0.567	0.317	0.360	0.264	0.317
0.567	0.317	0.350	0.254	0.317
0.567	0.307	0.360	0.254	0.317
0.567	0.317	0.360	0.264	0.317
0.567	0.317	0.360	0.254	0.317
0.567	0.317	0.360	0.254	0.317
0.567	0.307	0.360	0.264	0.327
0.567	0.307	0.350	0.254	0.317
0.567	0.317	0.350	0.254	0.317
0.567	0.317	0.350	0.254	0.317
0.567	0.317	0.360	0.264	0.317
0.567	0.317	0.360	0.264	0.327
0.567	0.317	0.350	0.254	0.317
0.567	0.317	0.360	0.254	0.327
0.567	0.317	0.360	0.264	0.327
0.567	0.317	0.350	0.254	0.317
0.567	0.317	0.360	0.264	0.317
0.567	0.307	0.360	0.254	0.317
0.567	0.317	0.360	0.254	0.327
0.567	0.317	0.360	0.264	0.327
0.567	0.317	0.360	0.264	0.317
0.567	0.307	0.350	0.254	0.317
0.567	0.317	0.360	0.264	0.327
0.567	0.317	0.360	0.264	0.317
0.567	0.317	0.360	0.254	0.317
0.567	0.317	0.350	0.264	0.317
0.567	0.307	0.350	0.254	0.317
0.567	0.317	0.360	0.264	0.317
0.567	0.317	0.360	0.254	0.317
0.567	0.317	0.360	0.254	0.317
0.567	0.317	0.350	0.264	0.317
0.567	0.317	0.360	0.264	0.317
0.567	0.317	0.360	0.264	0.327
0.567	0.317	0.360	0.264	0.317
0.567	0.317	0.360	0.264	0.317
0.567	0.307	0.360	0.254	0.327
0.567	0.317	0.350	0.264	0.317
0.567	0.317	0.360	0.264	0.317
0.567	0.317	0.360	0.264	0.317
0.567	0.307	0.360	0.264	0.327
0.567	0.307	0.360	0.254	0.317
0.567	0.317	0.360	0.254	0.317
0.567	0.317	0.360	0.264	0.317
0.567	0.317	0.360	0.254	0.317
0.567	0.317	0.360	0.264	0.317
0.567	0.307	0.360	0.264	0.317
0.567	0.307	0.360	0.254	0.317
0.567	0.317	0.360	0.264	0.317
0.567	0.317	0.350	0.254	0.327
0.567	0.317	0.360	0.264	0.317
0.567	0.317	0.360	0.264	0.317
0.567	0.317	0.360	0.254	0.327
0.567	0.317	0.360	0.254	0.317
0.567	0.317	0.360	0.264	0.317
0.567	0.317	0.360	0.254	0.317
0.567	0.317	0.360	0.264	0.317
0.567	0.317	0.360	0.264	0.317
0.567	0.307	0.350	0.254	0.317
0.567	0.307	0.360	0.264	0.317
0.567	0.317	0.360	0.254	0.317
0.567	0.317	0.360	0.254	0.317
0.567	0.317	0.360	0.264	0.317
0.567	0.317	0.350	0.254	0.317
0.567	0.317	0.360	0.254	0.327
0.567	0.317	0.360	0.254	0.317
0.567	0.317	0.360	0.254	0.317
0.567	0.317	0.350	0.254	0.317
0.567	0.317	0.360	0.264	0.317
0.567	0.317	0.360	0.264	0.317
0.567	0.307	0.360	0.254	0.327
0.567	0.317	0.360	0.254	0.317
0.567	0.317	0.360	0.264	0.327
0.567	0.317	0.360	0.254	0.317
0.567	0.317	0.360	0.264	0.317
0.567	0.317	0.360	0.254	0.317
0.567	0.317	0.360	0.254	0.317
0.567	0.307	0.360	0.254	0.317
0.577	0.307	0.360	0.264	0.317
0.567	0.307	0.350	0.254	0.317
0.567	0.317	0.360	0.254	0.317
0.567	0.307	0.350	0.264	0.317
0.567	0.317	0.350	0.254	0.317
0.567	0.317	0.360	0.254	0.317
0.567	0.317	0.360	0.264	0.317
0.567	0.317	0.360	0.264	0.317
0.567	0.317	0.360	0.264	0.317
0.567	0.317	0.360	0.264	0.317
0.567	0.317	0.350	0.264	0.317
0.567	0.317	0.350	0.264	0.317
0.567	0.317	0.360	0.264	0.317
0.567	0.317	0.350	0.254	0.327
0.567	0.307	0.350	0.264	0.327
0.567	0.307	0.360	0.254	0.317
0.567	0.317	0.360	0.264	0.317
0.567	0.307	0.350	0.254	0.317
0.567	0.317	0.360	0.254	0.317
0.567	0.317	0.350	0.254	0.317
0.567	0.317	0.350	0.254	0.317
0.567	0.317	0.360	0.254	0.317
0.567	0.317	0.360	0.254	0.327
0.567	0.317	0.360	0.254	0.327
0.567	0.317	0.350	0.254	0.317
0.567	0.307	0.350	0.254	0.317
0.567	0.317	0.360	0.254	0.317
0.567	0.317	0.360	0.264	0.317
0.567	0.307	0.360	0.264	0.317
0.567	0.317	0.360	0.254	0.317
0.567	0.317	0.360	0.254	0.317
0.567	0.307	0.350	0.264	0.317
0.567	0.317	0.350	0.264	0.317
0.567	0.317	0.360	0.264	0.327
0.567	0.317	0.360	0.264	0.317
0.567	0.307	0.360	0.254	0.317
0.567	0.317	0.360	0.264	0.317
0.567	0.317	0.350	0.254	0.317
0.567	0.307	0.360	0.264	0.317
0.567	0.317	0.350	0.264	0.317
0.567	0.317	0.360	0.254	0.327
0.567	0.307	0.350	0.254	0.317
0.567	0.307	0.360	0.254	0.317
0.567	0.317	0.360	0.254	0.317
0.567	0.317	0.350	0.254	0.317
0.567	0.317	0.360	0.264	0.327
0.567	0.317	0.360	0.264	0.317
0.567	0.317	0.360	0.254	0.317
0.567	0.317	0.350	0.264	0.317
0.567	0.307	0.350	0.254	0.317
0.567	0.317	0.350	0.254	0.317
0.567	0.317	0.350	0.264	0.317
0.567	0.307	0.360	0.264	0.327
0.567	0.317	0.350	0.264	0.327
0.567	0.307	0.350	0.264	0.317
0.567	0.317	0.360	0.264	0.317
0.567	0.317	0.360	0.254	0.317
0.567	0.317	0.360	0.254	0.317
0.567	0.307	0.360	0.264	0.317
0.567	0.307	0.360	0.254	0.317
0.567	0.307	0.350	0.264	0.317
0.577	0.317	0.360	0.254	0.317
0.567	0.317	0.360	0.254	0.317
0.567	0.317	0.360	0.254	0.317
0.567	0.317	0.360	0.254	0.327
0.567	0.317	0.360	0.254	0.317
0.567	0.317	0.360	0.254	0.317
0.567	0.317	0.360	0.254	0.317
0.567	0.317	0.360	0.264	0.317
0.567	0.307	0.360	0.254	0.327
0.567	0.307	0.360	0.254	0.317
0.567	0.317	0.350	0.254	0.317
0.567	0.307	0.360	0.254	0.327
0.567	0.307	0.350	0.254	0.317
0.567	0.317	0.350	0.254	0.317
0.567	0.307	0.350	0.254	0.317
0.567	0.317	0.360	0.264	0.317
0.567	0.317	0.360	0.264	0.327
0.567	0.317	0.360	0.264	0.327
0.567	0.317	0.360	0.254	0.317
0.567	0.317	0.360	0.264	0.317
0.567	0.317	0.360	0.264	0.317
0.567	0.317	0.360	0.254	0.317
0.577	0.317	0.360	0.264	0.317
0.567	0.307	0.350	0.254	0.327
0.567	0.307	0.360	0.254	0.317
0.567	0.317	0.360	0.264	0.317
0.567	0.317	0.360	0.254	0.317
0.567	0.317	0.360	0.264	0.317
0.567	0.317	0.360	0.254	0.317
0.567	0.317	0.360	0.254	0.317
0.567	0.317	0.360	0.264	0.317
0.567	0.317	0.360	0.254	0.317
0.567	0.307	0.360	0.264	0.317
0.567	0.307	0.360	0.254	0.317
0.567	0.307	0.360	0.254	0.317
0.567	0.307	0.360	0.264	0.317
0.567	0.307	0.350	0.264	0.327
0.567	0.307	0.360	0.254	0.317
0.567	0.307	0.350	0.254	0.317
0.567	0.307	0.360	0.254	0.327
0.567	0.317	0.350	0.254	0.317
0.567	0.307	0.350	0.264	0.327
0.567	0.317	0.360	0.264	0.317
0.567	0.317	0.360	0.264	0.317
0.567	0.317	0.350	0.254	0.317
0.567	0.317	0.350	0.254	0.317
0.567	0.307	0.360	0.264	0.317
0.567	0.317	0.360	0.264	0.317
0.567	0.317	0.360	0.264	0.317
0.567	0.317	0.360	0.254	0.327
0.567	0.317	0.360	0.254	0.317
0.577	0.317	0.360	0.264	0.317
0.567	0.317	0.360	0.254	0.327
0.567	0.317	0.360	0.254	0.317
0.567	0.317	0.360	0.254	0.317
0.567	0.307	0.350	0.254	0.317
0.567	0.307	0.360	0.264	0.317
0.567	0.307	0.360	0.254	0.317
0.567	0.317	0.350	0.264	0.317
0.567	0.317	0.360	0.254	0.317
0.567	0.317	0.360	0.254	0.317
0.567	0.317	0.360	0.254	0.317
0.567	0.307	0.360	0.254	0.317
0.567	0.307	0.360	0.264	0.327
0.567	0.307	0.350	0.254	0.327
0.567	0.317	0.360	0.254	0.317
0.567	0.317	0.360	0.254	0.317
0.567	0.317	0.360	0.264	0.317
0.567	0.307	0.360	0.264	0.317
0.567	0.317	0.360	0.254	0.317
0.567	0.317	0.360	0.254	0.317
0.567	0.317	0.360	0.254	0.327
0.567	0.307	0.360	0.254	0.317
0.567	0.307	0.360	0.264	0.327
0.567	0.317	0.360	0.264	0.317
0.567	0.317	0.360	0.254	0.327
0.577	0.307	0.350	0.254	0.317
0.567	0.317	0.360	0.264	0.317
0.567	0.317	0.360	0.264	0.317
0.567	0.317	0.360	0.264	0.317
0.567	0.317	0.360	0.264	0.317
0.567	0.317	0.350	0.264	0.317
0.567	0.317	0.360	0.264	0.317
0.567	0.317	0.360	0.254	0.317
0.567	0.307	0.350	0.264	0.317
0.567	0.317	0.360	0.264	0.317
0.567	0.307	0.360	0.254	0.317
0.567	0.307	0.360	0.264	0.317
0.567	0.307	0.350	0.254	0.317
0.567	0.307	0.360	0.254	0.317
0.567	0.307	0.360	0.264	0.317
0.567	0.317	0.360	0.254	0.317
0.567	0.307	0.360	0.254	0.317
0.567	0.317	0.360	0.254	0.317
0.567	0.307	0.360	0.254	0.317
0.567	0.317	0.360	0.254	0.317
0.567	0.317	0.350	0.264	0.317
0.567	0.307	0.360	0.254	0.317
0.567	0.317	0.350	0.254	0.317
0.567	0.317	0.360	0.254	0.317
0.567	0.317	0.360	0.254	0.317
0.567	0.317	0.350	0.264	0.317
0.567	0.307	0.360	0.254	0.317
0.567	0.317	0.360	0.254	0.317
0.567	0.317	0.350	0.264	0.317
0.567	0.317	0.360	0.264	0.317
0.567	0.317	0.350	0.254	0.317
0.567	0.307	0.360	0.264	0.327
0.567	0.317	0.360	0.264	0.317
0.567	0.317	0.350	0.254	0.317
0.567	0.317	0.360	0.264	0.317
0.567	0.317	0.360	0.254	0.317
0.567	0.317	0.360	0.254	0.317
0.567	0.317	0.360	0.254	0.317
0.567	0.317	0.350	0.264	0.317
0.567	0.317	0.360	0.254	0.317
0.567	0.317	0.360	0.254	0.317
0.567	0.317	0.360	0.254	0.317
0.567	0.317	0.360	0.264	0.327
0.567	0.317	0.360	0.254	0.317
0.567	0.317	0.360	0.254	0.317
0.567	0.307	0.360	0.264	0.317
0.567	0.317	0.360	0.254	0.317
0.567	0.317	0.360	0.254	0.317
0.567	0.317	0.360	0.264	0.317
0.567	0.317	0.360	0.264	0.317
0.567	0.307	0.360	0.264	0.317
0.567	0.317	0.350	0.264	0.317
0.567	0.307	0.350	0.254	0.317
0.567	0.317	0.360	0.264	0.317
0.567	0.317	0.350	0.254	0.317
0.567	0.317	0.360	0.264	0.317
0.567	0.307	0.360	0.254	0.327
0.567	0.317	0.360	0.264	0.317
0.567	0.307	0.350	0.264	0.317
0.567	0.317	0.360	0.264	0.317
0.567	0.307	0.360	0.264	0.317
0.567	0.317	0.360	0.254	0.317
0.567	0.317	0.360	0.254	0.317
0.567	0.317	0.360	0.254	0.327
0.567	0.317	0.360	0.264	0.317
0.567	0.317	0.360	0.264	0.317
0.567	0.307	0.360	0.254	0.317
0.567	0.317	0.350	0.254	0.317
0.567	0.317	0.360	0.264	0.327
0.567	0.307	0.350	0.264	0.317
0.567	0.317	0.350	0.264	0.317
0.567	0.317	0.360	0.264	0.317
0.567	0.317	0.360	0.264	0.317
0.567	0.317	0.350	0.264	0.317
0.567	0.317	0.360	0.264	0.317
0.567	0.317	0.360	0.254	0.327
0.567	0.307	0.360	0.254	0.317
0.567	0.317	0.360	0.254	0.317
0.567	0.317	0.360	0.264	0.327
0.567	0.307	0.360	0.254	0.317
0.567	0.317	0.360	0.264	0.317
0.567	0.307	0.360	0.264	0.317
0.567	0.317	0.360	0.264	0.317
0.567	0.317	0.360	0.264	0.317
0.567	0.317	0.350	0.254	0.317
0.567	0.317	0.350	0.254	0.317
0.567	0.317	0.360	0.264	0.317
0.567	0.317	0.360	0.264	0.317
0.567	0.307	0.360	0.254	0.317
0.567	0.317	0.360	0.254	0.317
0.567	0.317	0.360	0.254	0.317
0.567	0.307	0.360	0.254	0.317
0.567	0.317	0.350	0.254	0.317
0.567	0.317	0.360	0.264	0.317
0.567	0.307	0.360	0.254	0.317
0.567	0.317	0.360	0.254	0.317
0.567	0.317	0.360	0.254	0.317
0.567	0.307	0.360	0.254	0.317
0.567	0.307	0.360	0.264	0.317
0.567	0.317	0.360	0.264	0.317
0.567	0.317	0.360	0.264	0.317
0.567	0.317	0.360	0.264	0.317
0.567	0.317	0.360	0.264	0.317
0.567	0.317	0.350	0.254	0.317
0.567	0.317	0.360	0.254	0.317
0.567	0.317	0.360	0.254	0.317
0.567	0.307	0.350	0.254	0.317
0.567	0.317	0.360	0.264	0.317
0.567	0.317	0.360	0.254	0.317
0.567	0.317	0.360	0.264	0.327
0.567	0.317	0.350	0.254	0.317
0.567	0.317	0.360	0.264	0.317
0.567	0.317	0.350	0.254	0.327
0.567	0.317	0.360	0.254	0.317
0.567	0.317	0.350	0.254	0.317
0.567	0.317	0.360	0.254	0.317
0.567	0.317	0.350	0.254	0.317
0.567	0.317	0.360	0.254	0.317
0.567	0.317	0.360	0.264	0.317
0.567	0.317	0.360	0.264	0.317
0.567	0.317	0.360	0.254	0.317
0.556	0.317	0.360	0.264	0.317
0.567	0.317	0.350	0.264	0.317
0.567	0.317	0.360	0.254	0.317
0.567	0.307	0.360	0.254	0.317
0.567	0.317	0.360	0.254	0.317
0.567	0.317	0.350	0.254	0.317
0.567	0.317	0.360	0.264	0.317
0.567	0.317	0.360	0.254	0.317
0.567	0.317	0.360	0.264	0.317
0.567	0.317	0.360	0.254	0.317
0.567	0.317	0.360	0.264	0.317
0.567	0.317	0.360	0.254	0.317
0.567	0.317	0.360	0.254	0.317
0.567	0.317	0.360	0.264	0.327
0.567	0.317	0.360	0.264	0.317
0.567	0.317	0.360	0.254	0.317
0.567	0.317	0.360	0.264	0.317
0.567	0.317	0.360	0.254	0.317
0.567	0.317	0.350	0.264	0.327
0.567	0.317	0.350	0.264	0.317
0.567	0.307	0.360	0.254	0.317
0.567	0.317	0.360	0.254	0.327
0.567	0.307	0.360	0.254	0.317
0.567	0.307	0.360	0.264	0.317
0.567	0.317	0.360	0.254	0.317
0.567	0.317	0.360	0.264	0.317
0.567	0.317	0.360	0.254	0.317
0.567	0.317	0.350	0.254	0.317
0.567	0.317	0.360	0.254	0.317
0.567	0.317	0.350	0.254	0.317
0.567	0.317	0.360	0.264	0.317
0.567	0.317	0.360	0.264	0.327
0.567	0.317	0.350	0.254	0.317
0.567	0.317	0.360	0.254	0.327
0.567	0.317	0.350	0.254	0.317
0.567	0.317	0.360	0.264	0.317
0.567	0.317	0.360	0.254	0.317
0.567	0.317	0.360	0.254	0.317
0.567	0.317	0.360	0.264	0.317
0.567	0.317	0.360	0.264	0.317
0.567	0.317	0.360	0.254	0.317
0.567	0.307	0.350	0.264	0.317
0.567	0.317	0.360	0.264	0.317
0.567	0.307	0.350	0.254	0.317
0.567	0.317	0.360	0.254	0.317
0.567	0.317	0.360	0.264	0.317
0.567	0.317	0.360	0.254	0.317
0.567	0.317	0.360	0.254	0.317
0.567	0.317	0.360	0.264	0.317
0.567	0.317	0.360	0.254	0.317
0.567	0.317	0.360	0.254	0.317
0.567	0.317	0.360	0.254	0.327
0.567	0.317	0.360	0.264	0.327
0.567	0.317	0.360	0.254	0.317
0.567	0.317	0.360	0.264	0.317
0.567	0.307	0.360	0.264	0.317
0.567	0.317	0.360	0.264	0.317
0.567	0.317	0.360	0.264	0.317
0.567	0.307	0.360	0.254	0.317
0.567	0.307	0.360	0.254	0.317
0.567	0.317	0.360	0.254	0.327
0.577	0.317	0.360	0.254	0.317
0.567	0.317	0.360	0.254	0.317
0.567	0.307	0.360	0.264	0.317
0.567	0.307	0.360	0.254	0.317
0.567	0.307	0.360	0.254	0.317
0.567	0.317	0.360	0.264	0.317
0.567	0.317	0.360	0.254	0.317
0.567	0.317	0.360	0.264	0.317
0.567	0.317	0.360	0.254	0.317
0.567	0.317	0.350	0.254	0.317
0.567	0.307	0.360	0.254	0.317
0.567	0.317	0.360	0.264	0.317
0.567	0.317	0.360	0.264	0.317
0.567	0.317	0.360	0.264	0.317
0.567	0.317	0.350	0.264	0.317
0.567	0.317	0.360	0.264	0.317
0.567	0.317	0.350	0.264	0.317
0.567	0.317	0.350	0.264	0.317
0.567	0.317	0.360	0.264	0.317
0.567	0.317	0.360	0.254	0.317
0.567	0.317	0.360	0.254	0.317
0.567	0.317	0.360	0.254	0.317
0.567	0.317	0.360	0.254	0.317
0.567	0.317	0.360	0.264	0.327
0.567	0.317	0.360	0.264	0.327
0.567	0.307	0.350	0.254	0.317
0.567	0.317	0.360	0.264	0.317
0.567	0.317	0.360	0.254	0.317
0.567	0.307	0.350	0.254	0.317
0.567	0.317	0.360	0.264	0.317
0.567	0.317	0.360	0.264	0.317
0.567	0.317	0.360	0.254	0.317
0.567	0.317	0.360	0.264	0.317
0.567	0.317	0.360	0.254	0.317
0.567	0.307	0.360	0.254	0.317
0.567	0.317	0.350	0.254	0.317
0.567	0.317	0.360	0.254	0.317
0.567	0.317	0.360	0.264	0.317
0.567	0.317	0.360	0.254	0.317
0.567	0.307	0.360	0.254	0.317
0.567	0.317	0.360	0.254	0.317
0.567	0.317	0.360	0.254	0.327
0.567	0.307	0.360	0.254	0.317
0.567	0.317	0.360	0.264	0.317
0.556	0.317	0.360	0.264	0.327
0.567	0.317	0.350	0.254	0.317
0.567	0.317	0.350	0.254	0.317
0.567	0.307	0.360	0.254	0.317
0.567	0.317	0.360	0.254	0.327
0.567	0.317	0.360	0.264	0.317
0.567	0.317	0.360	0.264	0.317
0.567	0.307	0.360	0.254	0.317
0.567	0.317	0.360	0.254	0.317
0.567	0.307	0.360	0.254	0.317
0.567	0.317	0.360	0.254	0.317
0.567	0.317	0.360	0.254	0.317
0.556	0.317	0.350	0.254	0.317
0.577	0.317	0.360	0.254	0.317
0.567	0.317	0.360	0.264	0.317
0.577	0.317	0.360	0.254	0.327
0.567	0.317	0.360	0.264	0.317
0.567	0.317	0.360	0.264	0.317
0.567	0.317	0.360	0.264	0.317
0.567	0.317	0.360	0.264	0.317
0.567	0.307	0.350	0.264	0.317
0.567	0.317	0.360	0.264	0.317
0.567	0.317	0.360	0.254	0.317
0.567	0.317	0.360	0.264	0.317
0.567	0.317	0.360	0.254	0.317
0.567	0.307	0.360	0.254	0.317
0.567	0.317	0.360	0.254	0.327
0.567	0.307	0.360	0.264	0.327
0.567	0.307	0.360	0.264	0.317
0.567	0.317	0.360	0.264	0.317
0.567	0.317	0.360	0.264	0.317
0.567	0.317	0.360	0.254	0.317
0.567	0.317	0.350	0.264	0.317
0.567	0.317	0.360	0.264	0.327
0.567	0.317	0.350	0.264	0.317
0.567	0.307	0.350	0.264	0.317
0.567	0.317	0.350	0.264	0.317
0.567	0.317	0.360	0.254	0.317
0.567	0.317	0.360	0.254	0.317
0.567	0.307	0.350	0.254	0.317
0.567	0.317	0.360	0.254	0.317
0.567	0.317	0.350	0.254	0.317
0.567	0.317	0.360	0.254	0.317
0.577	0.307	0.360	0.264	0.317
0.567	0.307	0.360	0.254	0.317
0.567	0.317	0.360	0.254	0.317
0.556	0.317	0.360	0.264	0.327
0.567	0.317	0.360	0.264	0.317
0.567	0.317	0.360	0.254	0.327
0.567	0.317	0.350	0.254	0.327
0.567	0.307	0.350	0.254	0.317
0.567	0.317	0.360	0.254	0.317
0.567	0.317	0.360	0.264	0.317
0.567	0.307	0.360	0.264	0.327
0.567	0.317	0.360	0.254	0.327
0.556	0.317	0.350	0.254	0.317
0.577	0.307	0.360	0.264	0.317
0.567	0.317	0.360	0.254	0.317
0.577	0.307	0.360	0.254	0.317
0.567	0.307	0.360	0.264	0.327
0.577	0.307	0.350	0.264	0.317
0.567	0.307	0.360	0.254	0.317
0.567	0.317	0.360	0.254	0.317
0.567	0.307	0.350	0.264	0.327
0.567	0.317	0.360	0.264	0.327
0.567	0.317	0.360	0.254	0.317
0.567	0.317	0.360	0.264	0.327
0.567	0.317	0.360	0.264	0.317
0.567	0.317	0.360	0.254	0.317
0.567	0.317	0.360	0.264	0.327
0.577	0.317	0.360	0.254	0.327
0.567	0.317	0.350	0.264	0.317
0.567	0.317	0.350	0.264	0.317
0.567	0.317	0.360	0.264	0.317
0.567	0.317	0.350	0.264	0.317
0.567	0.317	0.360	0.254	0.317
0.567	0.317	0.360	0.264	0.317
0.567	0.317	0.350	0.264	0.317
0.567	0.307	0.360	0.264	0.317
0.567	0.317	0.350	0.264	0.317
0.567	0.317	0.360	0.254	0.327
0.567	0.317	0.360	0.264	0.317
0.567	0.317	0.350	0.254	0.317
0.567	0.317	0.360	0.264	0.327
0.577	0.317	0.360	0.264	0.327
0.567	0.307	0.350	0.264	0.317
0.567	0.317	0.350	0.254	0.317
0.567	0.307	0.360	0.254	0.317
0.577	0.317	0.360	0.254	0.327
0.567	0.307	0.360	0.254	0.317
0.577	0.317	0.360	0.254	0.317
0.577	0.317	0.360	0.264	0.317
0.567	0.317	0.360	0.264	0.317
0.567	0.317	0.360	0.254	0.317
0.567	0.317	0.360	0.254	0.317
0.567	0.317	0.350	0.264	0.317
0.567	0.317	0.350	0.254	0.317
0.567	0.317	0.350	0.264	0.317
0.567	0.317	0.350	0.264	0.317
0.567	0.317	0.350	0.264	0.327
0.567	0.317	0.350	0.264	0.317
0.567	0.317	0.360	0.254	0.327
0.567	0.307	0.360	0.264	0.327
0.567	0.317	0.350	0.264	0.317
0.567	0.317	0.360	0.254	0.327
0.567	0.317	0.360	0.254	0.327
0.567	0.317	0.360	0.264	0.327
0.567	0.317	0.360	0.264	0.327
0.567	0.317	0.360	0.254	0.327
0.567	0.317	0.360	0.254	0.317
0.567	0.317	0.360	0.254	0.327
0.567	0.317	0.360	0.254	0.327
0.567	0.317	0.360	0.264	0.327
0.567	0.307	0.360	0.254	0.327
0.567	0.317	0.360	0.254	0.317
0.567	0.307	0.350	0.254	0.317
0.567	0.317	0.360	0.254	0.317
0.567	0.317	0.350	0.254	0.317
0.567	0.317	0.350	0.254	0.317
0.567	0.317	0.350	0.264	0.317
0.567	0.317	0.360	0.254	0.317
0.567	0.317	0.360	0.254	0.317
0.567	0.317	0.360	0.264	0.317
0.567	0.307	0.360	0.254	0.327
0.567	0.317	0.360	0.264	0.317
0.567	0.317	0.360	0.254	0.317
0.567	0.317	0.360	0.264	0.327
0.567	0.317	0.350	0.264	0.317
0.567	0.317	0.360	0.264	0.317
0.567	0.317	0.360	0.264	0.317
0.577	0.317	0.360	0.254	0.317
0.567	0.317	0.360	0.254	0.317
0.567	0.317	0.350	0.264	0.317
0.567	0.307	0.360	0.254	0.317
0.567	0.307	0.360	0.254	0.327
0.567	0.307	0.360	0.264	0.317
0.567	0.307	0.360	0.264	0.317
0.567	0.317	0.360	0.254	0.327
0.567	0.317	0.360	0.264	0.327
0.567	0.307	0.350	0.254	0.317
0.567	0.317	0.360	0.264	0.317
0.567	0.317	0.360	0.254	0.327
0.567	0.317	0.360	0.264	0.317
0.567	0.317	0.360	0.254	0.317
0.577	0.317	0.360	0.254	0.327
0.567	0.317	0.350	0.254	0.317
0.567	0.317	0.360	0.254	0.317
0.567	0.307	0.360	0.264	0.317
0.577	0.317	0.360	0.254	0.327
0.567	0.317	0.360	0.264	0.317
0.567	0.317	0.360	0.254	0.317
0.567	0.317	0.350	0.254	0.327
0.567	0.317	0.360	0.264	0.317
0.567	0.317	0.350	0.254	0.317
0.567	0.317	0.350	0.254	0.317
0.567	0.317	0.350	0.254	0.327
0.567	0.317	0.360	0.254	0.317
0.567	0.317	0.360	0.254	0.327
0.567	0.307	0.350	0.254	0.317
0.567	0.317	0.360	0.254	0.327
0.567	0.307	0.360	0.254	0.317
0.567	0.307	0.360	0.264	0.317
0.567	0.317	0.360	0.254	0.317
0.567	0.317	0.360	0.254	0.317
0.567	0.317	0.350	0.254	0.317
0.577	0.307	0.350	0.264	0.327
0.567	0.307	0.350	0.254	0.327
0.567	0.307	0.360	0.264	0.327
0.567	0.317	0.350	0.254	0.317
0.567	0.317	0.360	0.254	0.317
0.567	0.317	0.360	0.264	0.327
0.567	0.317	0.360	0.264	0.327
0.567	0.317	0.360	0.264	0.327
0.567	0.317	0.360	0.264	0.317
0.567	0.307	0.360	0.254	0.317
0.567	0.317	0.350	0.254	0.317
0.577	0.307	0.360	0.254	0.317
0.567	0.317	0.360	0.254	0.327
0.567	0.317	0.350	0.254	0.317
0.567	0.317	0.360	0.254	0.327
0.567	0.317	0.360	0.264	0.327
0.577	0.317	0.360	0.254	0.317
0.567	0.317	0.350	0.264	0.317
0.567	0.317	0.350	0.254	0.317
0.567	0.317	0.360	0.254	0.327
0.567	0.307	0.360	0.254	0.327
0.567	0.317	0.350	0.254	0.317
0.567	0.317	0.360	0.264	0.317
0.567	0.317	0.360	0.264	0.317
0.577	0.317	0.360	0.254	0.317
0.567	0.317	0.360	0.254	0.317
0.567	0.317	0.360	0.264	0.317
0.567	0.317	0.360	0.254	0.327
0.567	0.317	0.360	0.264	0.317
0.567	0.317	0.350	0.254	0.327
0.567	0.317	0.360	0.254	0.317
0.567	0.317	0.360	0.264	0.327
0.567	0.307	0.360	0.254	0.317
0.567	0.317	0.360	0.254	0.317
0.577	0.317	0.360	0.254	0.317
0.567	0.317	0.360	0.254	0.317
0.567	0.307	0.360	0.254	0.327
0.567	0.317	0.350	0.254	0.327
0.567	0.317	0.360	0.264	0.317
0.567	0.317	0.360	0.254	0.327
0.567	0.317	0.360	0.254	0.317
0.567	0.307	0.360	0.254	0.317
0.567	0.317	0.360	0.264	0.317
0.567	0.317	0.350	0.264	0.327
0.556	0.317	0.360	0.254	0.327
0.567	0.317	0.360	0.264	0.327
0.577	0.317	0.360	0.254	0.327
0.567	0.317	0.360	0.254	0.327
0.567	0.317	0.360	0.264	0.317
0.567	0.317	0.360	0.264	0.327
0.567	0.307	0.350	0.264	0.327
0.567	0.307	0.360	0.264	0.317
0.567	0.317	0.350	0.254	0.327
0.567	0.317	0.360	0.254	0.327
0.567	0.317	0.350	0.264	0.317
0.567	0.317	0.360	0.264	0.327
0.567	0.317	0.360	0.264	0.317
0.567	0.317	0.350	0.254	0.327
0.567	0.317	0.360	0.254	0.327
0.577	0.307	0.350	0.264	0.317
0.567	0.317	0.360	0.254	0.317
0.577	0.307	0.360	0.254	0.317
0.567	0.317	0.360	0.254	0.327
0.567	0.307	0.360	0.254	0.317
0.567	0.317	0.360	0.264	0.327
0.567	0.317	0.350	0.254	0.317
0.567	0.307	0.360	0.264	0.317
0.577	0.307	0.360	0.264	0.327
0.567	0.317	0.360	0.254	0.327
0.567	0.317	0.350	0.264	0.317
0.567	0.307	0.360	0.264	0.327
0.577	0.317	0.350	0.254	0.327
0.567	0.317	0.350	0.254	0.317
0.577	0.317	0.360	0.254	0.327
0.567	0.307	0.360	0.254	0.317
0.567	0.317	0.360	0.254	0.327
0.567	0.317	0.360	0.254	0.317
0.567	0.317	0.360	0.254	0.317
0.567	0.317	0.360	0.254	0.317
0.577	0.317	0.360	0.254	0.317
0.567	0.307	0.360	0.254	0.327
0.567	0.317	0.360	0.254	0.327
0.567	0.317	0.360	0.254	0.317
0.567	0.317	0.350	0.254	0.317
0.577	0.317	0.360	0.254	0.317
0.567	0.317	0.360	0.254	0.317
0.567	0.317	0.360	0.264	0.317
0.567	0.317	0.350	0.254	0.317
0.567	0.317	0.360	0.254	0.317
0.577	0.317	0.360	0.254	0.327
0.567	0.307	0.360	0.264	0.317
0.577	0.317	0.350	0.254	0.317
0.567	0.307	0.360	0.264	0.317
0.577	0.317	0.350	0.254	0.317
0.567	0.317	0.350	0.254	0.327
0.567	0.317	0.360	0.254	0.317
0.577	0.317	0.350	0.264	0.317
0.567	0.317	0.360	0.254	0.327
0.567	0.307	0.360	0.254	0.327
0.567	0.317	0.360	0.254	0.317
0.567	0.317	0.360	0.254	0.317
0.577	0.317	0.360	0.264	0.317
0.567	0.317	0.360	0.254	0.317
0.567	0.317	0.360	0.254	0.317
0.577	0.317	0.360	0.254	0.317
0.567	0.317	0.360	0.254	0.317
0.567	0.317	0.360	0.254	0.317
0.567	0.317	0.350	0.254	0.317
0.567	0.317	0.360	0.264	0.317
0.567	0.307	0.360	0.264	0.317
0.567	0.307	0.350	0.254	0.327
0.567	0.317	0.350	0.264	0.327
0.567	0.317	0.360	0.254	0.327
0.567	0.307	0.360	0.264	0.317
0.567	0.317	0.360	0.264	0.327
0.567	0.307	0.350	0.264	0.317
0.567	0.317	0.360	0.254	0.317
0.567	0.317	0.360	0.254	0.327
0.567	0.317	0.360	0.254	0.317
0.567	0.317	0.360	0.254	0.317
0.567	0.317	0.360	0.254	0.327
0.567	0.307	0.350	0.254	0.327
0.567	0.307	0.360	0.254	0.317
0.567	0.317	0.360	0.254	0.327
0.567	0.317	0.360	0.264	0.317
0.567	0.317	0.360	0.254	0.327
0.567	0.317	0.360	0.254	0.327
0.567	0.307	0.350	0.264	0.327
0.567	0.317	0.360	0.264	0.327
0.567	0.317	0.350	0.264	0.317
0.567	0.317	0.360	0.254	0.317
0.567	0.307	0.360	0.254	0.317
0.577	0.317	0.360	0.264	0.317
0.567	0.317	0.360	0.254	0.317
0.567	0.317	0.360	0.254	0.327
0.577	0.317	0.360	0.264	0.317
0.567	0.317	0.360	0.254	0.317
0.567	0.317	0.350	0.254	0.327
0.567	0.317	0.350	0.264	0.327
0.567	0.307	0.360	0.254	0.317
0.567	0.317	0.360	0.264	0.317
0.567	0.307	0.360	0.264	0.317
0.567	0.317	0.350	0.254	0.327
0.567	0.317	0.350	0.264	0.317
0.567	0.317	0.360	0.254	0.317
0.567	0.317	0.360	0.254	0.317
0.567	0.317	0.350	0.264	0.327
0.567	0.317	0.360	0.254	0.327
0.567	0.317	0.350	0.254	0.317
0.567	0.317	0.360	0.264	0.317
0.567	0.307	0.360	0.264	0.317
0.567	0.317	0.360	0.254	0.327
0.567	0.317	0.360	0.264	0.317
0.567	0.317	0.360	0.254	0.317
0.567	0.317	0.360	0.254	0.317
0.567	0.317	0.360	0.264	0.327
0.567	0.317	0.360	0.264	0.317
0.577	0.317	0.360	0.254	0.317
0.567	0.317	0.360	0.254	0.327
0.567	0.317	0.350	0.264	0.317
0.567	0.317	0.360	0.264	0.317
0.567	0.307	0.360	0.254	0.317
0.577	0.317	0.360	0.254	0.327
0.577	0.307	0.360	0.254	0.317
0.577	0.317	0.360	0.254	0.317
0.567	0.317	0.360	0.254	0.317
0.567	0.317	0.360	0.254	0.317
0.567	0.317	0.360	0.264	0.327
0.567	0.317	0.350	0.264	0.317
0.567	0.317	0.360	0.264	0.317
0.567	0.317	0.360	0.254	0.327
0.567	0.307	0.360	0.264	0.317
0.567	0.317	0.360	0.264	0.317
0.567	0.307	0.350	0.254	0.317
0.567	0.317	0.350	0.264	0.317
0.567	0.317	0.360	0.254	0.317
0.577	0.317	0.360	0.254	0.327
0.567	0.317	0.360	0.264	0.317
0.567	0.317	0.360	0.264	0.327
0.567	0.317	0.360	0.254	0.317
0.567	0.317	0.360	0.264	0.317
0.567	0.307	0.360	0.254	0.317
0.567	0.317	0.360	0.264	0.327
0.567	0.317	0.360	0.254	0.317
0.567	0.307	0.360	0.254	0.317
0.567	0.317	0.360	0.254	0.327
0.567	0.317	0.350	0.254	0.317
0.567	0.307	0.360	0.264	0.317
0.567	0.317	0.360	0.254	0.317
0.567	0.307	0.360	0.254	0.327
0.567	0.317	0.350	0.264	0.327
0.567	0.317	0.350	0.254	0.317
0.567	0.307	0.350	0.264	0.327
0.567	0.317	0.360	0.264	0.317
0.567	0.317	0.360	0.264	0.317
0.567	0.317	0.360	0.264	0.327
0.567	0.317	0.360	0.264	0.327
0.567	0.317	0.350	0.254	0.317
0.567	0.317	0.360	0.264	0.327
0.567	0.307	0.360	0.254	0.327
0.567	0.317	0.360	0.254	0.317
0.567	0.317	0.360	0.254	0.317
0.567	0.317	0.360	0.264	0.327
0.567	0.317	0.360	0.254	0.317
0.567	0.317	0.360	0.264	0.327
0.567	0.317	0.360	0.264	0.317
0.577	0.317	0.350	0.254	0.317
0.577	0.307	0.350	0.264	0.317
0.567	0.307	0.350	0.254	0.317
0.567	0.317	0.360	0.254	0.317
0.567	0.317	0.350	0.254	0.317
0.567	0.317	0.360	0.254	0.327
0.567	0.317	0.350	0.264	0.327
0.567	0.317	0.350	0.254	0.317
0.567	0.317	0.360	0.254	0.327
0.567	0.317	0.360	0.264	0.327
0.567	0.307	0.360	0.254	0.317
0.577	0.317	0.360	0.254	0.317
0.567	0.307	0.360	0.254	0.317
0.567	0.317	0.360	0.254	0.317
0.567	0.317	0.360	0.254	0.317
0.567	0.307	0.350	0.254	0.327
0.567	0.317	0.350	0.254	0.317
0.567	0.307	0.360	0.254	0.327
0.567	0.317	0.360	0.264	0.327
0.567	0.307	0.360	0.254	0.317
0.567	0.317	0.360	0.264	0.317
0.567	0.317	0.360	0.264	0.317
0.567	0.317	0.350	0.254	0.317
0.567	0.317	0.360	0.254	0.317
0.567	0.317	0.360	0.264	0.317
0.567	0.317	0.360	0.254	0.317
0.567	0.317	0.360	0.264	0.317
0.567	0.317	0.360	0.254	0.327
0.567	0.317	0.350	0.254	0.327
0.567	0.307	0.350	0.254	0.327

