Main - compliance	Left branch first (far)	Right branch first (close)	Left branch second (far)	Right branch second (close)

0.689	0.389	0.167	0.295	0.164
0.689	0.389	0.167	0.295	0.164
0.689	0.389	0.167	0.295	0.164
0.689	0.389	0.167	0.295	0.164
0.689	0.389	0.167	0.305	0.164
0.689	0.389	0.167	0.295	0.164
0.689	0.389	0.167	0.295	0.164
0.689	0.389	0.167	0.295	0.164
0.689	0.389	0.167	0.295	0.164
0.689	0.389	0.167	0.295	0.164
0.689	0.389	0.167	0.295	0.164
0.689	0.389	0.167	0.295	0.164
0.689	0.389	0.167	0.295	0.164
0.689	0.389	0.167	0.295	0.164
0.689	0.389	0.167	0.295	0.164
0.689	0.389	0.167	0.295	0.164
0.689	0.389	0.167	0.295	0.164
0.689	0.389	0.167	0.295	0.164
0.689	0.389	0.167	0.295	0.164
0.689	0.389	0.167	0.295	0.164
0.689	0.389	0.167	0.295	0.164
0.689	0.389	0.167	0.295	0.164
0.689	0.389	0.167	0.295	0.164
0.689	0.389	0.167	0.295	0.164
0.689	0.389	0.167	0.295	0.164
0.689	0.389	0.167	0.295	0.164
0.689	0.389	0.167	0.295	0.164
0.689	0.389	0.167	0.295	0.164
0.689	0.389	0.167	0.295	0.164
0.689	0.389	0.167	0.305	0.164
0.689	0.389	0.167	0.295	0.164
0.689	0.389	0.167	0.295	0.164
0.689	0.389	0.167	0.295	0.164
0.689	0.389	0.167	0.295	0.164
0.689	0.389	0.167	0.295	0.164
0.689	0.389	0.167	0.295	0.164
0.689	0.389	0.167	0.295	0.164
0.689	0.389	0.167	0.295	0.164
0.689	0.389	0.167	0.295	0.164
0.689	0.389	0.167	0.295	0.164
0.699	0.389	0.167	0.295	0.164
0.689	0.389	0.167	0.295	0.164
0.689	0.389	0.167	0.295	0.164
0.689	0.389	0.167	0.295	0.164
0.689	0.389	0.167	0.305	0.164
0.689	0.389	0.167	0.295	0.164
0.689	0.389	0.167	0.295	0.164
0.689	0.389	0.167	0.305	0.164
0.689	0.389	0.167	0.295	0.164
0.689	0.389	0.167	0.295	0.164
0.689	0.389	0.167	0.295	0.164
0.689	0.389	0.167	0.295	0.164
0.689	0.389	0.167	0.295	0.164
0.689	0.389	0.167	0.295	0.164
0.689	0.389	0.167	0.295	0.164
0.689	0.389	0.167	0.295	0.164
0.689	0.389	0.167	0.295	0.164
0.689	0.389	0.167	0.295	0.164
0.689	0.389	0.167	0.295	0.164
0.689	0.389	0.167	0.295	0.164
0.689	0.389	0.167	0.295	0.164
0.689	0.389	0.167	0.295	0.164
0.689	0.389	0.167	0.295	0.164
0.689	0.389	0.167	0.295	0.164
0.689	0.389	0.167	0.305	0.164
0.689	0.389	0.167	0.295	0.164
0.689	0.389	0.167	0.295	0.164
0.689	0.389	0.167	0.295	0.164
0.689	0.389	0.167	0.295	0.164
0.689	0.389	0.167	0.295	0.164
0.689	0.389	0.167	0.295	0.164
0.689	0.389	0.167	0.295	0.164
0.689	0.389	0.167	0.295	0.164
0.689	0.389	0.167	0.295	0.164
0.689	0.389	0.167	0.295	0.164
0.689	0.389	0.167	0.295	0.164
0.689	0.389	0.167	0.295	0.164
0.689	0.389	0.167	0.295	0.164
0.689	0.389	0.167	0.295	0.164
0.699	0.389	0.167	0.295	0.164
0.689	0.389	0.167	0.295	0.164
0.689	0.389	0.167	0.295	0.164
0.689	0.389	0.167	0.295	0.164
0.689	0.389	0.167	0.295	0.164
0.689	0.389	0.167	0.295	0.164
0.689	0.389	0.167	0.295	0.164
0.689	0.389	0.167	0.295	0.164
0.699	0.389	0.167	0.295	0.164
0.689	0.389	0.167	0.295	0.164
0.689	0.389	0.167	0.295	0.164
0.689	0.389	0.167	0.295	0.164
0.689	0.389	0.167	0.295	0.164
0.689	0.389	0.167	0.295	0.164
0.689	0.389	0.167	0.295	0.164
0.689	0.389	0.167	0.295	0.164
0.689	0.389	0.167	0.295	0.164
0.689	0.389	0.167	0.295	0.164
0.689	0.389	0.167	0.295	0.164
0.689	0.389	0.167	0.295	0.164
0.689	0.389	0.167	0.295	0.164
0.689	0.389	0.167	0.295	0.164
0.689	0.389	0.167	0.295	0.164
0.689	0.389	0.167	0.295	0.164
0.689	0.389	0.167	0.295	0.164
0.689	0.389	0.167	0.295	0.164
0.689	0.389	0.167	0.295	0.164
0.689	0.389	0.167	0.295	0.164
0.689	0.389	0.167	0.295	0.164
0.689	0.389	0.167	0.295	0.164
0.689	0.389	0.167	0.295	0.164
0.689	0.389	0.167	0.295	0.164
0.689	0.389	0.167	0.295	0.164
0.689	0.389	0.167	0.295	0.164
0.689	0.389	0.167	0.284	0.164
0.689	0.389	0.167	0.295	0.164
0.689	0.389	0.167	0.295	0.164
0.689	0.389	0.167	0.295	0.164
0.689	0.389	0.167	0.295	0.164
0.689	0.389	0.167	0.295	0.164
0.689	0.389	0.167	0.305	0.164
0.689	0.389	0.167	0.295	0.164
0.689	0.389	0.167	0.295	0.164
0.689	0.389	0.167	0.284	0.164
0.689	0.389	0.167	0.295	0.164
0.689	0.389	0.167	0.295	0.164
0.689	0.389	0.167	0.295	0.164
0.689	0.389	0.167	0.295	0.164
0.689	0.389	0.167	0.295	0.164
0.689	0.389	0.167	0.295	0.164
0.689	0.389	0.167	0.295	0.164
0.689	0.389	0.167	0.295	0.164
0.689	0.389	0.167	0.295	0.164
0.689	0.389	0.167	0.295	0.164
0.689	0.389	0.167	0.295	0.164
0.689	0.389	0.167	0.295	0.164
0.689	0.389	0.167	0.295	0.164
0.689	0.389	0.167	0.295	0.164
0.689	0.389	0.167	0.295	0.164
0.689	0.389	0.167	0.295	0.164
0.689	0.389	0.167	0.295	0.164
0.689	0.389	0.167	0.295	0.164
0.689	0.389	0.167	0.295	0.164
0.689	0.389	0.167	0.295	0.164
0.689	0.389	0.167	0.295	0.164
0.689	0.399	0.167	0.295	0.164
0.689	0.389	0.167	0.295	0.164
0.689	0.389	0.167	0.295	0.164
0.689	0.389	0.167	0.295	0.164
0.689	0.389	0.167	0.295	0.164
0.689	0.389	0.167	0.295	0.164
0.689	0.389	0.167	0.295	0.164
0.689	0.389	0.167	0.295	0.164
0.689	0.389	0.167	0.295	0.164
0.689	0.389	0.167	0.295	0.164
0.699	0.389	0.167	0.295	0.164
0.699	0.389	0.167	0.295	0.164
0.689	0.389	0.167	0.295	0.164
0.689	0.389	0.167	0.295	0.164
0.689	0.389	0.167	0.295	0.164
0.689	0.389	0.167	0.295	0.164
0.689	0.389	0.167	0.295	0.164
0.689	0.389	0.167	0.295	0.164
0.689	0.399	0.167	0.295	0.164
0.689	0.389	0.167	0.295	0.164
0.689	0.389	0.167	0.295	0.164
0.689	0.389	0.167	0.295	0.164
0.689	0.389	0.167	0.295	0.164
0.689	0.389	0.167	0.295	0.164
0.689	0.399	0.167	0.295	0.164
0.689	0.389	0.167	0.295	0.164
0.689	0.389	0.167	0.295	0.164
0.689	0.389	0.167	0.295	0.164
0.689	0.389	0.167	0.295	0.164
0.689	0.389	0.167	0.295	0.164
0.689	0.389	0.167	0.295	0.164
0.689	0.389	0.167	0.295	0.164
0.689	0.389	0.167	0.295	0.164
0.689	0.389	0.167	0.295	0.164
0.689	0.389	0.167	0.295	0.164
0.689	0.389	0.167	0.295	0.164
0.689	0.389	0.167	0.295	0.164
0.689	0.389	0.167	0.295	0.164
0.689	0.389	0.167	0.295	0.164
0.689	0.389	0.167	0.295	0.164
0.699	0.389	0.167	0.295	0.164
0.699	0.389	0.167	0.295	0.164
0.689	0.389	0.167	0.295	0.164
0.689	0.389	0.167	0.295	0.164
0.689	0.389	0.167	0.295	0.164
0.689	0.389	0.167	0.295	0.164
0.689	0.389	0.167	0.295	0.164
0.699	0.389	0.167	0.295	0.164
0.689	0.389	0.167	0.295	0.164
0.689	0.389	0.167	0.295	0.164
0.689	0.389	0.167	0.295	0.164
0.689	0.389	0.167	0.295	0.164
0.689	0.389	0.167	0.295	0.164
0.699	0.389	0.167	0.295	0.164
0.689	0.389	0.167	0.295	0.164
0.689	0.389	0.167	0.295	0.164
0.689	0.389	0.167	0.295	0.164
0.689	0.389	0.167	0.295	0.164
0.689	0.389	0.167	0.295	0.164
0.689	0.389	0.167	0.295	0.164
0.689	0.389	0.167	0.295	0.164
0.689	0.389	0.167	0.295	0.164
0.689	0.389	0.167	0.295	0.164
0.689	0.389	0.167	0.295	0.164
0.689	0.389	0.167	0.295	0.164
0.689	0.389	0.167	0.295	0.164
0.689	0.389	0.167	0.295	0.164
0.689	0.389	0.167	0.295	0.164
0.689	0.389	0.167	0.295	0.164
0.689	0.389	0.167	0.295	0.164
0.689	0.399	0.167	0.295	0.164
0.689	0.389	0.167	0.295	0.164
0.689	0.389	0.167	0.295	0.164
0.689	0.389	0.167	0.295	0.164
0.689	0.399	0.167	0.295	0.164
0.689	0.389	0.167	0.295	0.164
0.689	0.389	0.167	0.295	0.164
0.689	0.389	0.167	0.295	0.164
0.689	0.389	0.167	0.295	0.164
0.689	0.389	0.167	0.284	0.164
0.689	0.389	0.167	0.295	0.164
0.679	0.389	0.167	0.295	0.164
0.689	0.389	0.167	0.295	0.164
0.699	0.389	0.167	0.295	0.164
0.689	0.389	0.167	0.295	0.164
0.689	0.389	0.167	0.295	0.164
0.689	0.389	0.167	0.295	0.164
0.689	0.389	0.167	0.295	0.164
0.689	0.389	0.167	0.295	0.164
0.689	0.389	0.167	0.295	0.164
0.689	0.389	0.167	0.295	0.164
0.689	0.389	0.167	0.295	0.164
0.689	0.389	0.167	0.295	0.164
0.689	0.389	0.167	0.295	0.164
0.689	0.389	0.167	0.295	0.164
0.689	0.399	0.167	0.295	0.164
0.689	0.389	0.167	0.295	0.164
0.689	0.389	0.177	0.295	0.164
0.689	0.389	0.177	0.295	0.164
0.689	0.389	0.177	0.295	0.164
0.689	0.389	0.177	0.295	0.164
0.689	0.389	0.177	0.295	0.164
0.689	0.389	0.177	0.295	0.164
0.689	0.389	0.177	0.295	0.164
0.689	0.389	0.177	0.295	0.164
0.689	0.389	0.177	0.295	0.164
0.689	0.389	0.177	0.295	0.164
0.689	0.389	0.177	0.295	0.164
0.699	0.389	0.177	0.295	0.164
0.689	0.389	0.177	0.295	0.164
0.689	0.389	0.177	0.295	0.164
0.689	0.389	0.177	0.295	0.164
0.699	0.389	0.177	0.295	0.164
0.689	0.389	0.177	0.295	0.164
0.689	0.389	0.177	0.295	0.164
0.689	0.389	0.177	0.295	0.164
0.689	0.389	0.177	0.295	0.164
0.689	0.389	0.177	0.295	0.164
0.689	0.389	0.177	0.295	0.164
0.689	0.389	0.177	0.295	0.164
0.699	0.389	0.177	0.295	0.164
0.689	0.389	0.177	0.295	0.164
0.689	0.389	0.177	0.295	0.164
0.689	0.389	0.177	0.295	0.164
0.689	0.389	0.167	0.295	0.164
0.689	0.389	0.177	0.295	0.164
0.689	0.389	0.177	0.295	0.164
0.689	0.389	0.177	0.295	0.164
0.689	0.389	0.177	0.295	0.164
0.689	0.389	0.177	0.295	0.164
0.689	0.389	0.177	0.295	0.164
0.689	0.389	0.177	0.295	0.164
0.689	0.389	0.177	0.295	0.164
0.689	0.389	0.177	0.295	0.164
0.689	0.389	0.177	0.295	0.164
0.689	0.389	0.177	0.295	0.164
0.689	0.389	0.177	0.295	0.164
0.689	0.389	0.177	0.295	0.164
0.689	0.389	0.177	0.284	0.164
0.689	0.389	0.177	0.295	0.164
0.689	0.389	0.177	0.295	0.164
0.699	0.389	0.177	0.295	0.164
0.699	0.389	0.177	0.295	0.164
0.699	0.399	0.177	0.295	0.164
0.689	0.389	0.177	0.295	0.164
0.689	0.389	0.177	0.295	0.164
0.689	0.389	0.177	0.295	0.164
0.689	0.389	0.177	0.295	0.164
0.689	0.389	0.177	0.295	0.164
0.699	0.389	0.177	0.295	0.164
0.689	0.389	0.177	0.295	0.164
0.699	0.389	0.177	0.295	0.164
0.689	0.389	0.177	0.295	0.164
0.689	0.389	0.177	0.295	0.164
0.689	0.389	0.177	0.295	0.164
0.689	0.389	0.177	0.295	0.164
0.689	0.389	0.167	0.295	0.164
0.689	0.389	0.177	0.295	0.164
0.689	0.389	0.177	0.295	0.164
0.699	0.389	0.177	0.295	0.164
0.689	0.389	0.177	0.295	0.164
0.699	0.389	0.177	0.295	0.164
0.689	0.389	0.177	0.295	0.164
0.689	0.389	0.177	0.295	0.164
0.689	0.389	0.177	0.295	0.164
0.689	0.389	0.177	0.295	0.164
0.689	0.389	0.177	0.295	0.164
0.689	0.389	0.177	0.295	0.164
0.689	0.389	0.177	0.295	0.164
0.689	0.389	0.167	0.295	0.164
0.689	0.389	0.177	0.295	0.164
0.689	0.389	0.177	0.295	0.164
0.689	0.389	0.177	0.295	0.164
0.689	0.389	0.177	0.295	0.164
0.689	0.389	0.177	0.295	0.164
0.689	0.389	0.177	0.295	0.164
0.689	0.389	0.177	0.295	0.164
0.689	0.389	0.177	0.295	0.164
0.689	0.389	0.177	0.295	0.164
0.689	0.389	0.177	0.295	0.164
0.689	0.389	0.177	0.295	0.164
0.689	0.389	0.177	0.284	0.164
0.699	0.389	0.177	0.295	0.164
0.689	0.389	0.177	0.295	0.164
0.689	0.389	0.177	0.295	0.164
0.689	0.389	0.177	0.295	0.164
0.689	0.389	0.177	0.295	0.164
0.689	0.389	0.177	0.295	0.164
0.689	0.389	0.177	0.295	0.164
0.689	0.389	0.177	0.295	0.164
0.689	0.389	0.177	0.295	0.164
0.689	0.389	0.177	0.305	0.164
0.689	0.389	0.177	0.295	0.164
0.689	0.389	0.177	0.295	0.164
0.699	0.389	0.177	0.295	0.164
0.689	0.389	0.177	0.305	0.164
0.689	0.389	0.177	0.295	0.164
0.699	0.389	0.177	0.295	0.164
0.689	0.389	0.177	0.295	0.164
0.689	0.389	0.177	0.295	0.164
0.689	0.389	0.177	0.295	0.164
0.689	0.389	0.177	0.295	0.164
0.689	0.389	0.177	0.295	0.164
0.689	0.389	0.177	0.295	0.164
0.689	0.389	0.177	0.295	0.164
0.689	0.389	0.177	0.284	0.164
0.689	0.389	0.177	0.305	0.164
0.689	0.389	0.177	0.295	0.164
0.689	0.389	0.177	0.295	0.164
0.689	0.389	0.177	0.295	0.164
0.689	0.389	0.177	0.295	0.164
0.689	0.389	0.177	0.295	0.164
0.689	0.389	0.177	0.295	0.164
0.699	0.399	0.177	0.295	0.164
0.689	0.389	0.177	0.295	0.164
0.689	0.389	0.177	0.295	0.164
0.689	0.389	0.177	0.295	0.164
0.689	0.389	0.177	0.295	0.164
0.689	0.389	0.177	0.305	0.164
0.699	0.389	0.177	0.295	0.164
0.699	0.389	0.177	0.295	0.164
0.689	0.389	0.177	0.295	0.164
0.689	0.389	0.177	0.295	0.164
0.689	0.389	0.177	0.295	0.164
0.699	0.389	0.167	0.295	0.164
0.689	0.389	0.177	0.295	0.164
0.699	0.389	0.177	0.295	0.164
0.689	0.389	0.177	0.295	0.164
0.689	0.389	0.177	0.295	0.164
0.689	0.389	0.177	0.295	0.164
0.689	0.389	0.177	0.295	0.164
0.689	0.389	0.167	0.295	0.164
0.689	0.389	0.177	0.295	0.164
0.689	0.389	0.177	0.305	0.164
0.689	0.389	0.177	0.295	0.164
0.689	0.389	0.177	0.295	0.164
0.699	0.389	0.177	0.295	0.164
0.699	0.389	0.177	0.295	0.164
0.689	0.389	0.177	0.295	0.164
0.689	0.389	0.177	0.295	0.164
0.689	0.389	0.177	0.295	0.164
0.689	0.389	0.177	0.295	0.164
0.689	0.389	0.177	0.295	0.164
0.689	0.389	0.177	0.295	0.164
0.689	0.389	0.177	0.295	0.164
0.689	0.389	0.177	0.295	0.164
0.689	0.389	0.177	0.295	0.164
0.689	0.389	0.177	0.295	0.164
0.689	0.389	0.177	0.295	0.164
0.689	0.389	0.167	0.295	0.164
0.699	0.389	0.177	0.295	0.164
0.689	0.389	0.177	0.295	0.164
0.689	0.389	0.177	0.295	0.164
0.689	0.389	0.177	0.295	0.164
0.689	0.389	0.177	0.295	0.164
0.689	0.389	0.177	0.295	0.164
0.689	0.389	0.177	0.295	0.164
0.699	0.389	0.177	0.295	0.164
0.689	0.389	0.177	0.295	0.164
0.689	0.389	0.177	0.295	0.164
0.689	0.389	0.177	0.295	0.164
0.689	0.389	0.177	0.295	0.164
0.689	0.389	0.177	0.295	0.164
0.689	0.389	0.177	0.295	0.164
0.689	0.389	0.177	0.295	0.164
0.689	0.389	0.177	0.295	0.164
0.689	0.389	0.177	0.295	0.164
0.689	0.389	0.177	0.295	0.164
0.699	0.389	0.177	0.295	0.164
0.689	0.389	0.177	0.295	0.164
0.689	0.389	0.177	0.295	0.164
0.689	0.389	0.177	0.295	0.164
0.689	0.389	0.177	0.295	0.164
0.689	0.389	0.177	0.295	0.164
0.689	0.389	0.177	0.295	0.164
0.689	0.389	0.177	0.295	0.164
0.689	0.389	0.177	0.295	0.164
0.689	0.389	0.177	0.295	0.164
0.689	0.389	0.177	0.295	0.164
0.689	0.389	0.177	0.295	0.164
0.689	0.389	0.177	0.295	0.164
0.689	0.389	0.177	0.295	0.164
0.689	0.389	0.177	0.295	0.164
0.689	0.389	0.177	0.305	0.164
0.689	0.389	0.177	0.295	0.164
0.689	0.389	0.167	0.295	0.164
0.689	0.389	0.177	0.295	0.164
0.689	0.389	0.177	0.295	0.164
0.699	0.389	0.177	0.295	0.164
0.689	0.389	0.177	0.295	0.164
0.689	0.389	0.177	0.295	0.164
0.689	0.389	0.177	0.295	0.164
0.689	0.389	0.177	0.295	0.164
0.689	0.389	0.177	0.295	0.164
0.689	0.389	0.177	0.295	0.164
0.689	0.389	0.177	0.295	0.164
0.689	0.399	0.177	0.295	0.164
0.689	0.389	0.177	0.295	0.164
0.689	0.389	0.177	0.295	0.164
0.689	0.389	0.177	0.295	0.164
0.689	0.389	0.177	0.295	0.164
0.689	0.389	0.177	0.295	0.164
0.699	0.389	0.177	0.295	0.164
0.689	0.389	0.177	0.295	0.164
0.689	0.399	0.177	0.295	0.164
0.689	0.389	0.177	0.295	0.164
0.689	0.389	0.177	0.295	0.164
0.689	0.389	0.177	0.295	0.164
0.689	0.389	0.177	0.295	0.164
0.689	0.389	0.177	0.295	0.164
0.689	0.389	0.177	0.295	0.164
0.689	0.389	0.177	0.295	0.164
0.689	0.389	0.177	0.295	0.164
0.689	0.389	0.177	0.295	0.164
0.689	0.389	0.177	0.295	0.164
0.699	0.389	0.177	0.295	0.164
0.689	0.389	0.177	0.295	0.164
0.689	0.389	0.177	0.305	0.164
0.689	0.389	0.177	0.295	0.164
0.689	0.389	0.177	0.295	0.164
0.689	0.389	0.177	0.305	0.164
0.689	0.389	0.177	0.305	0.164
0.689	0.389	0.177	0.295	0.164
0.689	0.389	0.177	0.295	0.164
0.689	0.389	0.177	0.295	0.164
0.689	0.389	0.177	0.295	0.164
0.689	0.389	0.177	0.295	0.164
0.689	0.389	0.177	0.295	0.164
0.689	0.389	0.177	0.295	0.164
0.689	0.389	0.177	0.295	0.164
0.689	0.389	0.177	0.295	0.164
0.689	0.389	0.177	0.295	0.164
0.689	0.389	0.177	0.295	0.164
0.689	0.389	0.177	0.295	0.164
0.689	0.389	0.177	0.305	0.164
0.689	0.389	0.177	0.295	0.164
0.689	0.389	0.177	0.295	0.164
0.689	0.389	0.177	0.295	0.164
0.689	0.389	0.177	0.295	0.164
0.689	0.389	0.177	0.295	0.164
0.689	0.389	0.177	0.295	0.164
0.689	0.389	0.177	0.295	0.164
0.689	0.389	0.177	0.295	0.164
0.699	0.389	0.177	0.295	0.164
0.699	0.389	0.177	0.295	0.164
0.689	0.389	0.177	0.295	0.164
0.689	0.389	0.177	0.295	0.164
0.689	0.399	0.177	0.295	0.164
0.689	0.389	0.177	0.295	0.164
0.689	0.389	0.177	0.295	0.164
0.689	0.389	0.177	0.295	0.164
0.689	0.389	0.177	0.295	0.164
0.689	0.389	0.177	0.295	0.164
0.689	0.389	0.177	0.295	0.164
0.689	0.389	0.177	0.295	0.164
0.689	0.389	0.177	0.295	0.164
0.689	0.389	0.177	0.295	0.164
0.689	0.389	0.177	0.295	0.164
0.689	0.389	0.177	0.295	0.164
0.689	0.399	0.177	0.295	0.164
0.689	0.389	0.177	0.295	0.164
0.689	0.389	0.177	0.295	0.164
0.689	0.399	0.167	0.295	0.164
0.689	0.389	0.177	0.295	0.164
0.689	0.389	0.177	0.295	0.164
0.689	0.389	0.177	0.295	0.164
0.689	0.389	0.177	0.295	0.164
0.689	0.389	0.177	0.295	0.164
0.689	0.389	0.177	0.295	0.164
0.689	0.389	0.177	0.295	0.164
0.689	0.389	0.177	0.284	0.164
0.689	0.389	0.177	0.295	0.164
0.689	0.389	0.177	0.295	0.164
0.689	0.389	0.177	0.295	0.164
0.689	0.389	0.177	0.295	0.164
0.689	0.389	0.177	0.305	0.164
0.689	0.389	0.177	0.295	0.164
0.689	0.389	0.177	0.295	0.164
0.689	0.389	0.177	0.295	0.164
0.689	0.389	0.177	0.295	0.164
0.689	0.389	0.177	0.295	0.164
0.689	0.389	0.177	0.295	0.164
0.689	0.389	0.177	0.295	0.164
0.689	0.389	0.177	0.284	0.164
0.689	0.389	0.177	0.295	0.164
0.689	0.389	0.177	0.295	0.164
0.689	0.389	0.177	0.295	0.164
0.699	0.389	0.177	0.295	0.164
0.699	0.389	0.177	0.295	0.164
0.689	0.389	0.177	0.295	0.164
0.689	0.389	0.177	0.295	0.164
0.689	0.389	0.177	0.295	0.164
0.689	0.389	0.177	0.295	0.164
0.689	0.389	0.177	0.295	0.164
0.689	0.389	0.177	0.295	0.164
0.689	0.389	0.177	0.295	0.164
0.689	0.389	0.177	0.295	0.164
0.689	0.389	0.177	0.295	0.164
0.689	0.389	0.177	0.295	0.164
0.689	0.389	0.177	0.295	0.164
0.689	0.389	0.177	0.295	0.164
0.689	0.389	0.177	0.295	0.164
0.689	0.389	0.177	0.295	0.164
0.679	0.389	0.177	0.295	0.164
0.689	0.389	0.177	0.295	0.164
0.689	0.389	0.177	0.295	0.164
0.689	0.389	0.177	0.295	0.164
0.689	0.389	0.177	0.295	0.164
0.689	0.389	0.177	0.295	0.164
0.689	0.389	0.177	0.295	0.164
0.689	0.389	0.177	0.295	0.164
0.689	0.389	0.177	0.295	0.164
0.689	0.389	0.177	0.295	0.164
0.689	0.389	0.177	0.295	0.164
0.689	0.389	0.177	0.295	0.164
0.689	0.389	0.177	0.295	0.164
0.689	0.389	0.177	0.295	0.164
0.689	0.389	0.177	0.295	0.164
0.689	0.389	0.177	0.295	0.164
0.689	0.389	0.177	0.305	0.164
0.689	0.389	0.177	0.295	0.164
0.689	0.389	0.177	0.295	0.164
0.689	0.389	0.177	0.295	0.164
0.689	0.389	0.177	0.295	0.164
0.689	0.389	0.177	0.295	0.164
0.689	0.389	0.177	0.295	0.164
0.689	0.389	0.177	0.295	0.164
0.689	0.389	0.177	0.295	0.164
0.689	0.389	0.177	0.295	0.164
0.689	0.389	0.177	0.295	0.164
0.689	0.389	0.177	0.295	0.164
0.689	0.389	0.177	0.295	0.164
0.699	0.389	0.177	0.295	0.164
0.689	0.389	0.177	0.295	0.164
0.689	0.389	0.177	0.295	0.164
0.689	0.389	0.177	0.295	0.164
0.689	0.389	0.177	0.295	0.164
0.689	0.389	0.177	0.295	0.164
0.689	0.389	0.177	0.295	0.164
0.689	0.389	0.177	0.295	0.164
0.699	0.389	0.177	0.295	0.164
0.689	0.389	0.177	0.295	0.164
0.689	0.389	0.177	0.295	0.164
0.689	0.389	0.177	0.295	0.164
0.689	0.389	0.177	0.295	0.164
0.689	0.389	0.177	0.295	0.164
0.689	0.389	0.177	0.295	0.164
0.689	0.389	0.177	0.295	0.164
0.689	0.389	0.177	0.295	0.164
0.689	0.389	0.177	0.295	0.164
0.689	0.389	0.177	0.295	0.164
0.689	0.389	0.177	0.295	0.164
0.689	0.389	0.177	0.295	0.164
0.689	0.389	0.177	0.295	0.164
0.689	0.389	0.177	0.295	0.164
0.689	0.389	0.177	0.295	0.164
0.689	0.389	0.177	0.295	0.164
0.689	0.389	0.177	0.295	0.164
0.689	0.389	0.177	0.295	0.164
0.689	0.389	0.177	0.295	0.164
0.689	0.389	0.177	0.295	0.164
0.689	0.389	0.177	0.295	0.164
0.689	0.389	0.177	0.295	0.164
0.689	0.389	0.177	0.295	0.164
0.689	0.389	0.177	0.295	0.164
0.689	0.389	0.177	0.295	0.164
0.689	0.389	0.177	0.295	0.164
0.689	0.389	0.177	0.295	0.164
0.689	0.389	0.177	0.295	0.164
0.689	0.389	0.177	0.295	0.164
0.689	0.389	0.177	0.295	0.164
0.699	0.389	0.177	0.295	0.164
0.689	0.389	0.177	0.295	0.164
0.689	0.389	0.177	0.295	0.164
0.689	0.389	0.177	0.295	0.164
0.689	0.389	0.177	0.295	0.164
0.689	0.389	0.177	0.295	0.164
0.689	0.389	0.177	0.295	0.164
0.689	0.389	0.177	0.295	0.164
0.689	0.389	0.177	0.295	0.164
0.689	0.389	0.177	0.295	0.164
0.689	0.389	0.177	0.295	0.164
0.689	0.389	0.177	0.295	0.164
0.689	0.389	0.177	0.295	0.164
0.689	0.389	0.177	0.295	0.164
0.689	0.389	0.177	0.295	0.164
0.689	0.389	0.177	0.295	0.164
0.689	0.389	0.177	0.295	0.164
0.689	0.389	0.177	0.295	0.164
0.689	0.389	0.177	0.295	0.164
0.689	0.389	0.177	0.295	0.164
0.699	0.389	0.177	0.295	0.164
0.689	0.389	0.177	0.295	0.164
0.689	0.389	0.177	0.295	0.164
0.689	0.389	0.177	0.295	0.164
0.689	0.389	0.177	0.295	0.164
0.689	0.389	0.177	0.295	0.164
0.689	0.389	0.177	0.295	0.164
0.689	0.389	0.177	0.295	0.164
0.689	0.389	0.177	0.295	0.164
0.689	0.389	0.177	0.305	0.164
0.699	0.389	0.177	0.295	0.164
0.689	0.389	0.177	0.295	0.164
0.689	0.389	0.177	0.295	0.164
0.689	0.389	0.167	0.295	0.164
0.689	0.389	0.177	0.295	0.164
0.689	0.389	0.177	0.295	0.164
0.689	0.389	0.177	0.295	0.164
0.689	0.389	0.177	0.295	0.164
0.689	0.389	0.177	0.295	0.164
0.689	0.389	0.177	0.295	0.164
0.689	0.389	0.177	0.295	0.164
0.689	0.389	0.167	0.295	0.164
0.689	0.389	0.177	0.295	0.164
0.689	0.399	0.177	0.295	0.164
0.689	0.389	0.177	0.295	0.164
0.689	0.389	0.177	0.295	0.164
0.689	0.389	0.177	0.295	0.164
0.689	0.389	0.177	0.295	0.164
0.689	0.389	0.177	0.295	0.164
0.689	0.389	0.177	0.295	0.164
0.689	0.389	0.177	0.295	0.164
0.689	0.389	0.177	0.295	0.164
0.689	0.389	0.177	0.295	0.164
0.689	0.389	0.177	0.295	0.164
0.689	0.389	0.177	0.295	0.164
0.689	0.389	0.177	0.295	0.164
0.689	0.389	0.167	0.295	0.164
0.689	0.389	0.177	0.295	0.164
0.689	0.389	0.177	0.295	0.164
0.689	0.389	0.177	0.295	0.164
0.689	0.389	0.177	0.295	0.164
0.689	0.389	0.177	0.295	0.164
0.699	0.389	0.177	0.295	0.164
0.699	0.389	0.177	0.295	0.164
0.689	0.389	0.177	0.295	0.164
0.689	0.389	0.177	0.295	0.164
0.689	0.389	0.177	0.284	0.164
0.689	0.389	0.177	0.305	0.164
0.689	0.389	0.177	0.295	0.164
0.689	0.389	0.177	0.295	0.164
0.689	0.389	0.177	0.295	0.164
0.689	0.389	0.177	0.295	0.164
0.689	0.399	0.177	0.295	0.164
0.699	0.389	0.177	0.295	0.164
0.699	0.389	0.177	0.295	0.164
0.689	0.389	0.177	0.295	0.164
0.689	0.389	0.167	0.295	0.164
0.689	0.389	0.177	0.295	0.164
0.689	0.389	0.177	0.295	0.164
0.689	0.389	0.177	0.295	0.164
0.689	0.389	0.177	0.295	0.164
0.689	0.389	0.177	0.295	0.164
0.689	0.389	0.177	0.295	0.164
0.689	0.389	0.177	0.295	0.164
0.689	0.389	0.177	0.295	0.164
0.689	0.389	0.177	0.295	0.164
0.689	0.389	0.177	0.295	0.164
0.689	0.389	0.177	0.295	0.164
0.689	0.399	0.177	0.295	0.164
0.689	0.389	0.167	0.295	0.164
0.689	0.389	0.177	0.295	0.164
0.689	0.389	0.177	0.295	0.164
0.689	0.389	0.177	0.295	0.164
0.689	0.389	0.177	0.295	0.164
0.689	0.389	0.177	0.295	0.164
0.689	0.389	0.177	0.295	0.164
0.689	0.389	0.177	0.295	0.164
0.689	0.389	0.177	0.295	0.164
0.689	0.389	0.177	0.295	0.164
0.689	0.389	0.177	0.295	0.164
0.689	0.389	0.177	0.295	0.164
0.689	0.389	0.177	0.295	0.164
0.648	0.389	0.177	0.295	0.164
0.618	0.389	0.177	0.295	0.164
0.618	0.389	0.177	0.295	0.164
0.618	0.389	0.177	0.295	0.164
0.618	0.389	0.177	0.295	0.164
0.618	0.389	0.177	0.295	0.164
0.618	0.389	0.177	0.295	0.164
0.618	0.389	0.177	0.295	0.164
0.618	0.389	0.177	0.295	0.164
0.618	0.389	0.177	0.295	0.164
0.607	0.389	0.167	0.295	0.164
0.618	0.389	0.177	0.295	0.164
0.607	0.389	0.177	0.295	0.164
0.618	0.389	0.177	0.295	0.164
0.618	0.389	0.177	0.295	0.164
0.618	0.389	0.177	0.295	0.164
0.618	0.389	0.177	0.295	0.164
0.618	0.389	0.177	0.295	0.164
0.618	0.389	0.177	0.295	0.164
0.618	0.389	0.177	0.295	0.164
0.607	0.389	0.177	0.295	0.164
0.618	0.389	0.177	0.295	0.164
0.618	0.389	0.177	0.295	0.164
0.618	0.389	0.177	0.295	0.164
0.618	0.389	0.177	0.295	0.164
0.618	0.389	0.177	0.295	0.164
0.618	0.389	0.177	0.295	0.164
0.618	0.389	0.177	0.295	0.164
0.607	0.399	0.177	0.295	0.164
0.618	0.389	0.177	0.295	0.164
0.618	0.389	0.177	0.295	0.164
0.618	0.389	0.177	0.295	0.164
0.618	0.389	0.177	0.295	0.164
0.607	0.389	0.177	0.295	0.164
0.607	0.389	0.177	0.295	0.164
0.618	0.389	0.177	0.295	0.164
0.618	0.389	0.177	0.295	0.164
0.618	0.389	0.177	0.295	0.164
0.618	0.389	0.269	0.295	0.164
0.618	0.389	0.279	0.295	0.164
0.618	0.389	0.279	0.305	0.164
0.618	0.389	0.279	0.295	0.164
0.618	0.389	0.279	0.295	0.164
0.607	0.389	0.269	0.295	0.164
0.607	0.389	0.269	0.295	0.164
0.618	0.389	0.279	0.295	0.164
0.618	0.389	0.269	0.295	0.164
0.618	0.389	0.269	0.295	0.164
0.618	0.389	0.279	0.295	0.164
0.618	0.389	0.269	0.295	0.164
0.618	0.389	0.269	0.295	0.164
0.618	0.399	0.269	0.295	0.164
0.618	0.389	0.269	0.295	0.164
0.618	0.389	0.279	0.284	0.164
0.618	0.389	0.279	0.295	0.164
0.618	0.389	0.279	0.295	0.164
0.618	0.389	0.269	0.295	0.164
0.607	0.389	0.269	0.295	0.164
0.618	0.389	0.279	0.295	0.164
0.618	0.389	0.269	0.295	0.164
0.618	0.389	0.269	0.295	0.164
0.618	0.389	0.269	0.295	0.164
0.618	0.389	0.269	0.295	0.164
0.618	0.389	0.279	0.295	0.164
0.618	0.389	0.279	0.295	0.164
0.618	0.389	0.279	0.305	0.164
0.618	0.389	0.279	0.295	0.164
0.618	0.389	0.269	0.295	0.164
0.618	0.389	0.269	0.295	0.164
0.618	0.389	0.279	0.295	0.164
0.618	0.389	0.279	0.295	0.164
0.618	0.389	0.279	0.295	0.164
0.607	0.399	0.279	0.284	0.164
0.618	0.389	0.279	0.295	0.164
0.618	0.389	0.269	0.295	0.164
0.618	0.389	0.279	0.284	0.164
0.607	0.389	0.279	0.295	0.164
0.618	0.389	0.279	0.295	0.164
0.607	0.389	0.269	0.295	0.164
0.618	0.389	0.279	0.295	0.164
0.618	0.389	0.279	0.305	0.164
0.618	0.389	0.269	0.295	0.164
0.618	0.389	0.279	0.295	0.164
0.618	0.389	0.269	0.295	0.164
0.607	0.389	0.279	0.295	0.164
0.607	0.389	0.279	0.295	0.164
0.618	0.389	0.269	0.295	0.164
0.607	0.389	0.279	0.295	0.164
0.618	0.389	0.269	0.295	0.164
0.618	0.389	0.269	0.295	0.164
0.618	0.389	0.279	0.295	0.164
0.618	0.389	0.279	0.295	0.164
0.618	0.389	0.279	0.295	0.164
0.618	0.389	0.269	0.295	0.164
0.618	0.389	0.279	0.295	0.164
0.618	0.389	0.269	0.295	0.164
0.607	0.389	0.279	0.295	0.164
0.618	0.389	0.279	0.295	0.164
0.618	0.389	0.279	0.295	0.164
0.618	0.389	0.269	0.295	0.164
0.618	0.389	0.269	0.295	0.164
0.618	0.389	0.269	0.295	0.164
0.618	0.389	0.279	0.295	0.164
0.618	0.389	0.269	0.295	0.164
0.618	0.389	0.269	0.295	0.164
0.618	0.389	0.269	0.295	0.164
0.618	0.389	0.269	0.295	0.164
0.618	0.389	0.269	0.295	0.164
0.618	0.389	0.269	0.295	0.164
0.618	0.389	0.269	0.295	0.164
0.618	0.389	0.269	0.295	0.164
0.618	0.389	0.279	0.254	0.164
0.618	0.389	0.269	0.243	0.164
0.618	0.389	0.279	0.243	0.164
0.618	0.389	0.269	0.243	0.164
0.618	0.389	0.279	0.243	0.164
0.607	0.389	0.269	0.243	0.164
0.618	0.389	0.279	0.243	0.164
0.618	0.389	0.279	0.254	0.164
0.618	0.389	0.269	0.243	0.164
0.618	0.389	0.269	0.243	0.164
0.607	0.389	0.269	0.243	0.164
0.607	0.389	0.279	0.243	0.164
0.618	0.389	0.269	0.243	0.164
0.618	0.389	0.269	0.243	0.164
0.618	0.389	0.279	0.243	0.164
0.607	0.389	0.279	0.243	0.164
0.618	0.389	0.279	0.243	0.164
0.618	0.389	0.279	0.243	0.164
0.618	0.389	0.269	0.243	0.164
0.618	0.389	0.269	0.243	0.164
0.618	0.389	0.269	0.243	0.164
0.618	0.389	0.269	0.243	0.164
0.618	0.389	0.279	0.243	0.164
0.618	0.389	0.279	0.243	0.194
0.618	0.389	0.269	0.243	0.205
0.618	0.389	0.269	0.243	0.194
0.618	0.389	0.269	0.254	0.194
0.618	0.389	0.279	0.243	0.194
0.618	0.389	0.269	0.243	0.205
0.618	0.389	0.269	0.243	0.194
0.618	0.389	0.269	0.243	0.194
0.618	0.389	0.279	0.243	0.194
0.618	0.389	0.269	0.243	0.194
0.618	0.389	0.269	0.243	0.194
0.618	0.389	0.269	0.243	0.205
0.618	0.389	0.269	0.243	0.194
0.618	0.389	0.269	0.243	0.194
0.618	0.389	0.269	0.243	0.194
0.618	0.389	0.279	0.243	0.194
0.618	0.399	0.269	0.243	0.194
0.618	0.389	0.279	0.254	0.194
0.618	0.389	0.279	0.243	0.194
0.607	0.389	0.279	0.243	0.205
0.618	0.389	0.269	0.243	0.194
0.618	0.389	0.269	0.243	0.205
0.618	0.389	0.279	0.243	0.194
0.618	0.389	0.269	0.254	0.205
0.618	0.389	0.269	0.243	0.194
0.618	0.389	0.269	0.243	0.205
0.618	0.389	0.279	0.243	0.194
0.618	0.389	0.269	0.243	0.194
0.618	0.389	0.279	0.243	0.194
0.618	0.389	0.279	0.243	0.194
0.618	0.389	0.269	0.254	0.205
0.607	0.389	0.269	0.254	0.194
0.618	0.389	0.269	0.243	0.194
0.607	0.389	0.269	0.254	0.194
0.618	0.389	0.279	0.243	0.194
0.618	0.389	0.269	0.243	0.194
0.618	0.389	0.279	0.243	0.194
0.618	0.389	0.279	0.243	0.194
0.618	0.389	0.279	0.243	0.194
0.618	0.389	0.269	0.243	0.194
0.618	0.389	0.279	0.243	0.205
0.618	0.389	0.279	0.243	0.194
0.618	0.389	0.279	0.243	0.194
0.618	0.389	0.279	0.243	0.194
0.618	0.389	0.279	0.243	0.194
0.618	0.389	0.269	0.243	0.194
0.618	0.389	0.269	0.243	0.205
0.618	0.389	0.269	0.243	0.205
0.618	0.389	0.269	0.243	0.194
0.618	0.389	0.269	0.243	0.194
0.618	0.389	0.269	0.243	0.205
0.618	0.389	0.279	0.243	0.194
0.618	0.389	0.269	0.243	0.205
0.618	0.389	0.269	0.254	0.194
0.618	0.389	0.279	0.254	0.194
0.618	0.399	0.269	0.243	0.205
0.618	0.389	0.269	0.243	0.194
0.618	0.389	0.269	0.243	0.194
0.618	0.389	0.269	0.243	0.194
0.618	0.389	0.279	0.243	0.194
0.618	0.389	0.279	0.243	0.205
0.618	0.389	0.269	0.243	0.205
0.618	0.389	0.269	0.243	0.194
0.607	0.389	0.279	0.243	0.194
0.618	0.389	0.269	0.243	0.194
0.618	0.389	0.279	0.243	0.205
0.618	0.389	0.279	0.243	0.194
0.618	0.389	0.279	0.254	0.205
0.618	0.389	0.279	0.243	0.194
0.618	0.389	0.269	0.243	0.205
0.618	0.399	0.269	0.243	0.194
0.618	0.389	0.269	0.243	0.194
0.618	0.389	0.279	0.254	0.205
0.618	0.389	0.279	0.254	0.194
0.607	0.389	0.279	0.243	0.194
0.618	0.389	0.269	0.243	0.205
0.618	0.389	0.269	0.243	0.205
0.618	0.389	0.279	0.243	0.194
0.618	0.389	0.269	0.243	0.194
0.618	0.317	0.269	0.243	0.205
0.618	0.317	0.269	0.243	0.194
0.618	0.317	0.279	0.243	0.194
0.618	0.317	0.269	0.243	0.194
0.618	0.317	0.269	0.243	0.194
0.607	0.317	0.279	0.243	0.205
0.618	0.317	0.279	0.243	0.194
0.618	0.317	0.269	0.243	0.194
0.618	0.317	0.279	0.243	0.205
0.618	0.317	0.279	0.243	0.194
0.618	0.317	0.269	0.243	0.194
0.618	0.317	0.279	0.254	0.194
0.618	0.317	0.269	0.254	0.205
0.618	0.317	0.269	0.243	0.194
0.618	0.317	0.279	0.243	0.205
0.618	0.317	0.279	0.243	0.194
0.618	0.317	0.279	0.243	0.194
0.607	0.317	0.279	0.243	0.194
0.607	0.317	0.269	0.243	0.205
0.618	0.317	0.269	0.243	0.194
0.618	0.317	0.279	0.243	0.194
0.618	0.317	0.269	0.243	0.194
0.618	0.317	0.269	0.243	0.194
0.607	0.317	0.269	0.243	0.194
0.618	0.317	0.279	0.243	0.194
0.618	0.317	0.269	0.243	0.194
0.618	0.317	0.279	0.243	0.194
0.618	0.317	0.269	0.243	0.194
0.618	0.317	0.279	0.254	0.194
0.618	0.317	0.269	0.243	0.194
0.618	0.317	0.279	0.243	0.194
0.618	0.317	0.269	0.254	0.194
0.618	0.317	0.279	0.254	0.194
0.618	0.317	0.269	0.243	0.194
0.618	0.317	0.279	0.243	0.194
0.618	0.317	0.279	0.243	0.205
0.618	0.317	0.279	0.243	0.205
0.618	0.317	0.279	0.243	0.194
0.618	0.317	0.279	0.243	0.205
0.618	0.317	0.269	0.243	0.194
0.618	0.317	0.279	0.243	0.194
0.618	0.317	0.279	0.243	0.194
0.618	0.317	0.279	0.243	0.194
0.618	0.317	0.269	0.243	0.194
0.618	0.317	0.269	0.243	0.194
0.618	0.317	0.269	0.243	0.194
0.618	0.317	0.279	0.243	0.194
0.618	0.317	0.279	0.243	0.194
0.618	0.317	0.279	0.243	0.194
0.618	0.317	0.279	0.254	0.205
0.618	0.317	0.269	0.243	0.194
0.618	0.317	0.269	0.243	0.205
0.618	0.317	0.279	0.243	0.194
0.607	0.317	0.269	0.243	0.205
0.618	0.317	0.269	0.243	0.205
0.618	0.317	0.279	0.243	0.194
0.618	0.317	0.279	0.243	0.194
0.618	0.317	0.269	0.243	0.194
0.618	0.317	0.279	0.243	0.205
0.618	0.317	0.269	0.243	0.194
0.618	0.317	0.269	0.243	0.194
0.618	0.317	0.269	0.243	0.205
0.618	0.317	0.279	0.243	0.194
0.618	0.317	0.269	0.243	0.194
0.618	0.317	0.269	0.243	0.194
0.618	0.317	0.279	0.243	0.194
0.618	0.317	0.279	0.243	0.205
0.618	0.317	0.279	0.243	0.194
0.618	0.317	0.279	0.243	0.205
0.618	0.317	0.279	0.243	0.194

