Main - compliance	Left branch first (far)	Right branch first (close)	Left branch second (far)	Right branch second (close)

0.343	0.185	0.197	0.162	0.184
0.343	0.185	0.197	0.162	0.184
0.343	0.185	0.197	0.162	0.184
0.343	0.185	0.197	0.162	0.184
0.343	0.185	0.197	0.162	0.184
0.343	0.185	0.197	0.162	0.184
0.343	0.185	0.197	0.162	0.184
0.343	0.185	0.197	0.162	0.184
0.343	0.195	0.197	0.162	0.184
0.343	0.185	0.207	0.162	0.184
0.343	0.185	0.207	0.162	0.184
0.353	0.185	0.197	0.162	0.184
0.343	0.185	0.197	0.162	0.184
0.343	0.185	0.197	0.162	0.184
0.343	0.185	0.197	0.162	0.184
0.343	0.185	0.207	0.162	0.184
0.353	0.195	0.197	0.162	0.184
0.343	0.185	0.197	0.162	0.184
0.343	0.185	0.197	0.162	0.184
0.343	0.185	0.207	0.162	0.184
0.343	0.185	0.207	0.162	0.184
0.343	0.185	0.197	0.162	0.184
0.343	0.185	0.197	0.162	0.184
0.343	0.185	0.207	0.162	0.184
0.343	0.185	0.197	0.162	0.184
0.343	0.185	0.197	0.162	0.194
0.343	0.185	0.197	0.162	0.184
0.343	0.185	0.197	0.162	0.184
0.343	0.185	0.207	0.162	0.184
0.343	0.185	0.197	0.162	0.184
0.343	0.185	0.207	0.162	0.184
0.353	0.185	0.197	0.162	0.184
0.343	0.185	0.197	0.162	0.184
0.353	0.185	0.207	0.162	0.194
0.343	0.185	0.197	0.162	0.184
0.343	0.185	0.197	0.162	0.184
0.343	0.185	0.197	0.162	0.184
0.343	0.185	0.197	0.162	0.184
0.343	0.185	0.197	0.162	0.184
0.343	0.185	0.207	0.162	0.184
0.343	0.185	0.197	0.162	0.184
0.343	0.185	0.197	0.162	0.184
0.343	0.185	0.197	0.162	0.184
0.343	0.185	0.197	0.162	0.184
0.343	0.185	0.197	0.162	0.184
0.343	0.185	0.197	0.162	0.184
0.343	0.185	0.197	0.162	0.184
0.343	0.185	0.197	0.162	0.184
0.353	0.185	0.207	0.162	0.194
0.343	0.185	0.197	0.162	0.184
0.343	0.185	0.197	0.162	0.184
0.343	0.185	0.197	0.162	0.184
0.343	0.185	0.207	0.162	0.184
0.343	0.185	0.197	0.162	0.184
0.343	0.185	0.197	0.162	0.184
0.343	0.185	0.197	0.162	0.184
0.343	0.195	0.197	0.162	0.184
0.343	0.185	0.197	0.162	0.184
0.343	0.185	0.197	0.162	0.184
0.343	0.185	0.197	0.162	0.184
0.353	0.185	0.197	0.162	0.184
0.343	0.185	0.207	0.162	0.184
0.343	0.185	0.197	0.162	0.184
0.343	0.185	0.207	0.162	0.184
0.343	0.185	0.197	0.162	0.184
0.343	0.185	0.207	0.162	0.194
0.343	0.185	0.197	0.162	0.184
0.343	0.185	0.197	0.162	0.184
0.343	0.185	0.207	0.162	0.184
0.343	0.185	0.197	0.162	0.184
0.343	0.185	0.197	0.162	0.184
0.343	0.185	0.207	0.162	0.184
0.343	0.185	0.197	0.162	0.184
0.343	0.185	0.207	0.162	0.184
0.343	0.185	0.207	0.162	0.184
0.343	0.185	0.197	0.162	0.184
0.343	0.185	0.197	0.162	0.184
0.343	0.185	0.197	0.162	0.184
0.343	0.185	0.197	0.162	0.184
0.343	0.185	0.197	0.162	0.184
0.333	0.185	0.197	0.162	0.184
0.353	0.185	0.207	0.162	0.184
0.343	0.185	0.197	0.162	0.184
0.343	0.185	0.197	0.162	0.184
0.343	0.185	0.197	0.162	0.184
0.343	0.185	0.207	0.162	0.184
0.343	0.185	0.197	0.162	0.184
0.343	0.185	0.197	0.162	0.184
0.343	0.185	0.197	0.162	0.184
0.343	0.185	0.197	0.162	0.184
0.343	0.185	0.207	0.162	0.184
0.343	0.185	0.207	0.162	0.184
0.343	0.185	0.197	0.162	0.184
0.343	0.185	0.207	0.162	0.184
0.343	0.185	0.197	0.162	0.184
0.343	0.185	0.207	0.162	0.184
0.353	0.185	0.197	0.162	0.184
0.353	0.185	0.197	0.162	0.184
0.343	0.185	0.197	0.162	0.184
0.343	0.185	0.207	0.162	0.184
0.343	0.195	0.197	0.162	0.184
0.343	0.185	0.197	0.162	0.184
0.343	0.185	0.207	0.162	0.184
0.343	0.185	0.197	0.162	0.184
0.343	0.185	0.197	0.162	0.184
0.343	0.185	0.197	0.162	0.184
0.343	0.185	0.197	0.162	0.184
0.343	0.185	0.207	0.162	0.184
0.343	0.185	0.197	0.162	0.184
0.343	0.185	0.207	0.162	0.184
0.343	0.175	0.207	0.162	0.184
0.343	0.185	0.197	0.162	0.184
0.343	0.185	0.207	0.162	0.184
0.343	0.185	0.207	0.162	0.184
0.353	0.185	0.197	0.162	0.184
0.343	0.185	0.197	0.162	0.184
0.343	0.185	0.207	0.162	0.184
0.343	0.185	0.207	0.162	0.184
0.343	0.185	0.207	0.162	0.184
0.343	0.185	0.197	0.162	0.184
0.343	0.185	0.197	0.162	0.184
0.343	0.185	0.197	0.162	0.184
0.343	0.185	0.197	0.162	0.184
0.343	0.185	0.197	0.162	0.184
0.353	0.185	0.197	0.162	0.184
0.343	0.185	0.197	0.162	0.184
0.343	0.185	0.207	0.162	0.184
0.343	0.185	0.197	0.162	0.184
0.343	0.185	0.197	0.162	0.184
0.343	0.185	0.207	0.162	0.184
0.343	0.185	0.197	0.162	0.184
0.343	0.185	0.197	0.162	0.184
0.343	0.185	0.197	0.162	0.184
0.343	0.185	0.207	0.162	0.184
0.343	0.185	0.197	0.162	0.184
0.343	0.185	0.197	0.162	0.184
0.343	0.185	0.197	0.162	0.184
0.343	0.185	0.207	0.162	0.184
0.343	0.185	0.197	0.162	0.184
0.343	0.185	0.197	0.162	0.184
0.343	0.185	0.197	0.162	0.184
0.343	0.185	0.197	0.162	0.184
0.343	0.185	0.197	0.162	0.184
0.343	0.185	0.197	0.162	0.184
0.343	0.185	0.207	0.162	0.184
0.343	0.185	0.207	0.162	0.184
0.343	0.185	0.197	0.162	0.184
0.343	0.185	0.197	0.162	0.184
0.343	0.185	0.207	0.162	0.184
0.343	0.185	0.197	0.162	0.184
0.343	0.185	0.197	0.162	0.184
0.343	0.195	0.197	0.162	0.184
0.343	0.185	0.197	0.162	0.184
0.343	0.185	0.197	0.162	0.184
0.343	0.185	0.207	0.162	0.184
0.343	0.185	0.207	0.162	0.184
0.343	0.185	0.197	0.162	0.184
0.343	0.185	0.197	0.162	0.184
0.343	0.185	0.197	0.162	0.184
0.343	0.185	0.197	0.162	0.184
0.343	0.195	0.207	0.162	0.184
0.343	0.185	0.197	0.162	0.184
0.343	0.185	0.197	0.162	0.184
0.343	0.185	0.207	0.162	0.184
0.343	0.185	0.197	0.162	0.184
0.343	0.185	0.197	0.162	0.184
0.343	0.185	0.197	0.162	0.184
0.343	0.185	0.197	0.162	0.184
0.343	0.185	0.197	0.162	0.184
0.343	0.185	0.197	0.162	0.184
0.343	0.185	0.197	0.162	0.184
0.343	0.195	0.197	0.162	0.184
0.343	0.185	0.197	0.162	0.184
0.343	0.185	0.197	0.162	0.184
0.343	0.185	0.197	0.162	0.184
0.343	0.185	0.197	0.162	0.184
0.343	0.185	0.207	0.162	0.184
0.343	0.185	0.197	0.162	0.184
0.343	0.185	0.207	0.162	0.184
0.343	0.185	0.197	0.162	0.184
0.343	0.185	0.197	0.162	0.184
0.343	0.185	0.197	0.162	0.184
0.343	0.185	0.197	0.162	0.184
0.343	0.185	0.197	0.162	0.184
0.343	0.185	0.197	0.162	0.184
0.343	0.185	0.197	0.162	0.184
0.343	0.185	0.197	0.162	0.184
0.343	0.185	0.207	0.162	0.184
0.343	0.185	0.207	0.162	0.184
0.353	0.185	0.197	0.162	0.184
0.343	0.185	0.197	0.162	0.184
0.343	0.185	0.197	0.162	0.184
0.343	0.185	0.197	0.162	0.184
0.343	0.185	0.197	0.162	0.194
0.343	0.185	0.197	0.162	0.184
0.343	0.185	0.197	0.162	0.184
0.343	0.185	0.197	0.162	0.184
0.343	0.185	0.197	0.162	0.184
0.343	0.185	0.197	0.162	0.194
0.343	0.185	0.197	0.162	0.184
0.343	0.185	0.197	0.162	0.184
0.343	0.185	0.197	0.162	0.184
0.343	0.185	0.197	0.162	0.184
0.343	0.185	0.207	0.162	0.184
0.343	0.185	0.197	0.162	0.184
0.343	0.185	0.197	0.162	0.184
0.343	0.195	0.197	0.162	0.184
0.343	0.185	0.197	0.162	0.184
0.343	0.185	0.197	0.162	0.184
0.343	0.185	0.197	0.162	0.184
0.343	0.185	0.197	0.162	0.184
0.343	0.185	0.197	0.162	0.184
0.343	0.185	0.207	0.162	0.184
0.343	0.185	0.197	0.162	0.184
0.343	0.185	0.197	0.162	0.184
0.343	0.185	0.197	0.162	0.184
0.343	0.185	0.207	0.162	0.194
0.343	0.185	0.207	0.162	0.184
0.343	0.185	0.207	0.162	0.184
0.343	0.185	0.197	0.162	0.194
0.343	0.185	0.197	0.162	0.184
0.343	0.185	0.207	0.162	0.184
0.343	0.185	0.197	0.162	0.184
0.343	0.185	0.197	0.162	0.184
0.343	0.185	0.207	0.162	0.184
0.343	0.185	0.197	0.162	0.194
0.343	0.185	0.197	0.162	0.184
0.343	0.185	0.197	0.162	0.184
0.343	0.185	0.197	0.162	0.184
0.343	0.185	0.197	0.162	0.184
0.353	0.185	0.207	0.162	0.184
0.343	0.185	0.207	0.162	0.184
0.343	0.185	0.197	0.162	0.184
0.343	0.185	0.207	0.162	0.184
0.353	0.185	0.197	0.162	0.184
0.353	0.185	0.197	0.162	0.184
0.343	0.185	0.197	0.162	0.184
0.343	0.185	0.197	0.162	0.184
0.343	0.185	0.197	0.162	0.184
0.343	0.185	0.197	0.162	0.184
0.343	0.185	0.207	0.162	0.184
0.343	0.185	0.197	0.162	0.184
0.343	0.185	0.207	0.162	0.184
0.343	0.185	0.197	0.162	0.184
0.343	0.185	0.197	0.162	0.184
0.343	0.185	0.207	0.162	0.184
0.343	0.185	0.197	0.162	0.184
0.343	0.185	0.197	0.162	0.184
0.343	0.185	0.207	0.162	0.184
0.343	0.185	0.197	0.162	0.184
0.343	0.185	0.197	0.162	0.184
0.343	0.185	0.197	0.162	0.184
0.343	0.185	0.197	0.162	0.184
0.343	0.185	0.197	0.162	0.184
0.343	0.185	0.197	0.162	0.184
0.343	0.185	0.197	0.162	0.184
0.353	0.185	0.197	0.162	0.184
0.343	0.185	0.197	0.162	0.184
0.343	0.185	0.197	0.162	0.184
0.343	0.185	0.197	0.162	0.184
0.343	0.185	0.197	0.162	0.184
0.343	0.185	0.197	0.162	0.184
0.343	0.185	0.197	0.162	0.184
0.343	0.185	0.197	0.162	0.184
0.343	0.185	0.197	0.162	0.184
0.353	0.185	0.197	0.162	0.184
0.343	0.185	0.197	0.162	0.184
0.343	0.185	0.197	0.162	0.184
0.343	0.185	0.197	0.162	0.184
0.343	0.185	0.197	0.162	0.184
0.343	0.185	0.197	0.162	0.184
0.343	0.185	0.207	0.162	0.184
0.343	0.185	0.197	0.162	0.184
0.343	0.185	0.197	0.162	0.184
0.343	0.185	0.197	0.162	0.184
0.343	0.185	0.197	0.162	0.184
0.343	0.185	0.197	0.162	0.194
0.343	0.185	0.197	0.162	0.184
0.343	0.185	0.197	0.162	0.184
0.343	0.185	0.197	0.162	0.184
0.353	0.185	0.197	0.162	0.194
0.343	0.185	0.197	0.162	0.184
0.343	0.185	0.197	0.162	0.184
0.353	0.185	0.197	0.162	0.184
0.343	0.185	0.197	0.162	0.184
0.343	0.185	0.197	0.162	0.184
0.343	0.185	0.197	0.162	0.184
0.343	0.185	0.207	0.162	0.184
0.343	0.185	0.197	0.162	0.184
0.343	0.185	0.197	0.162	0.184
0.343	0.185	0.197	0.162	0.184
0.343	0.185	0.207	0.162	0.184
0.343	0.185	0.207	0.162	0.184
0.343	0.185	0.197	0.162	0.184
0.343	0.185	0.197	0.162	0.184
0.343	0.185	0.197	0.162	0.184
0.343	0.185	0.197	0.162	0.184
0.343	0.185	0.197	0.162	0.184
0.353	0.185	0.207	0.162	0.184
0.343	0.185	0.207	0.162	0.184
0.353	0.185	0.197	0.162	0.184
0.343	0.185	0.197	0.162	0.184
0.343	0.185	0.197	0.162	0.194
0.343	0.185	0.197	0.162	0.184
0.343	0.185	0.207	0.162	0.184
0.343	0.185	0.207	0.162	0.184
0.343	0.185	0.197	0.162	0.184
0.343	0.185	0.197	0.162	0.184
0.343	0.185	0.197	0.162	0.184
0.343	0.185	0.197	0.162	0.184
0.343	0.185	0.197	0.162	0.184
0.343	0.185	0.207	0.162	0.184
0.343	0.185	0.197	0.162	0.184
0.343	0.185	0.197	0.162	0.184
0.343	0.185	0.197	0.162	0.184
0.343	0.185	0.197	0.162	0.184
0.343	0.185	0.197	0.162	0.184
0.343	0.185	0.197	0.162	0.184
0.343	0.185	0.197	0.162	0.184
0.343	0.185	0.197	0.162	0.184
0.343	0.185	0.207	0.162	0.184
0.343	0.185	0.197	0.162	0.184
0.353	0.185	0.197	0.162	0.184
0.343	0.185	0.207	0.162	0.184
0.343	0.185	0.197	0.162	0.184
0.343	0.185	0.197	0.162	0.184
0.343	0.185	0.197	0.162	0.184
0.343	0.185	0.197	0.162	0.184
0.343	0.185	0.197	0.162	0.184
0.343	0.185	0.197	0.162	0.184
0.343	0.195	0.197	0.162	0.184
0.343	0.185	0.207	0.162	0.184
0.343	0.185	0.197	0.162	0.184
0.353	0.185	0.207	0.162	0.184
0.343	0.185	0.197	0.162	0.184
0.343	0.185	0.197	0.162	0.184
0.343	0.185	0.197	0.162	0.184
0.343	0.185	0.197	0.162	0.184
0.343	0.185	0.197	0.162	0.184
0.353	0.185	0.197	0.162	0.184
0.343	0.185	0.197	0.162	0.184
0.343	0.185	0.197	0.162	0.184
0.343	0.185	0.197	0.162	0.184
0.343	0.185	0.197	0.162	0.184
0.343	0.185	0.197	0.162	0.184
0.343	0.195	0.207	0.162	0.194
0.343	0.185	0.197	0.162	0.184
0.343	0.185	0.197	0.162	0.184
0.343	0.185	0.197	0.162	0.184
0.353	0.185	0.197	0.162	0.184
0.343	0.185	0.197	0.162	0.184
0.343	0.185	0.197	0.162	0.184
0.343	0.185	0.207	0.162	0.184
0.343	0.185	0.197	0.162	0.194
0.343	0.195	0.197	0.162	0.194
0.343	0.185	0.197	0.162	0.184
0.353	0.185	0.197	0.162	0.184
0.343	0.185	0.207	0.162	0.184
0.343	0.185	0.207	0.162	0.184
0.343	0.185	0.197	0.162	0.184
0.343	0.185	0.197	0.162	0.184
0.343	0.185	0.197	0.162	0.184
0.343	0.185	0.197	0.162	0.184
0.343	0.185	0.197	0.162	0.184
0.343	0.185	0.207	0.162	0.184
0.343	0.185	0.197	0.162	0.184
0.343	0.185	0.197	0.162	0.184
0.353	0.185	0.197	0.162	0.184
0.343	0.185	0.197	0.162	0.184
0.343	0.185	0.207	0.162	0.184
0.343	0.185	0.197	0.162	0.184
0.343	0.185	0.197	0.162	0.184
0.343	0.185	0.207	0.162	0.184
0.343	0.185	0.197	0.162	0.184
0.343	0.185	0.197	0.162	0.184
0.343	0.185	0.197	0.162	0.194
0.343	0.185	0.207	0.162	0.184
0.343	0.185	0.197	0.162	0.184
0.343	0.185	0.197	0.162	0.184
0.343	0.185	0.197	0.162	0.184
0.343	0.185	0.197	0.162	0.184
0.343	0.185	0.197	0.162	0.194
0.343	0.185	0.197	0.162	0.184
0.343	0.185	0.197	0.162	0.184
0.343	0.185	0.197	0.162	0.184
0.343	0.185	0.197	0.162	0.184
0.343	0.185	0.197	0.162	0.184
0.343	0.185	0.197	0.162	0.184
0.343	0.185	0.207	0.162	0.194
0.343	0.185	0.197	0.162	0.184
0.343	0.185	0.207	0.162	0.184
0.343	0.185	0.197	0.162	0.184
0.343	0.185	0.197	0.162	0.184
0.343	0.185	0.207	0.162	0.184
0.343	0.185	0.207	0.162	0.184
0.343	0.185	0.197	0.162	0.184
0.343	0.185	0.197	0.162	0.184
0.343	0.185	0.197	0.162	0.184
0.343	0.185	0.207	0.162	0.184
0.343	0.185	0.197	0.162	0.184
0.343	0.185	0.197	0.162	0.184
0.343	0.185	0.197	0.162	0.184
0.343	0.185	0.207	0.162	0.184
0.343	0.185	0.197	0.162	0.184
0.343	0.185	0.207	0.162	0.184
0.343	0.185	0.197	0.162	0.184
0.343	0.185	0.197	0.162	0.194
0.343	0.185	0.197	0.162	0.184
0.343	0.185	0.197	0.162	0.184
0.353	0.185	0.197	0.162	0.184
0.343	0.185	0.207	0.162	0.184
0.343	0.185	0.197	0.162	0.184
0.343	0.185	0.197	0.162	0.184
0.343	0.185	0.197	0.162	0.184
0.343	0.185	0.207	0.162	0.184
0.343	0.185	0.197	0.162	0.184
0.353	0.185	0.197	0.162	0.184
0.353	0.185	0.197	0.162	0.184
0.343	0.185	0.197	0.162	0.184
0.343	0.185	0.197	0.162	0.184
0.353	0.185	0.197	0.162	0.184
0.343	0.185	0.197	0.162	0.184
0.343	0.185	0.197	0.162	0.184
0.343	0.185	0.207	0.162	0.184
0.343	0.185	0.197	0.162	0.184
0.343	0.185	0.207	0.162	0.184
0.343	0.185	0.197	0.162	0.184
0.343	0.185	0.207	0.162	0.184
0.343	0.185	0.197	0.162	0.184
0.343	0.185	0.197	0.162	0.184
0.343	0.185	0.197	0.162	0.184
0.343	0.185	0.197	0.162	0.184
0.343	0.185	0.197	0.162	0.184
0.343	0.185	0.197	0.162	0.184
0.343	0.185	0.197	0.162	0.184
0.353	0.185	0.197	0.162	0.184
0.343	0.185	0.207	0.162	0.184
0.343	0.185	0.197	0.162	0.184
0.343	0.185	0.197	0.162	0.184
0.343	0.185	0.197	0.162	0.184
0.343	0.185	0.197	0.162	0.184
0.343	0.185	0.197	0.162	0.184
0.343	0.185	0.207	0.162	0.184
0.343	0.185	0.197	0.162	0.184
0.343	0.185	0.197	0.162	0.194
0.343	0.185	0.197	0.162	0.184
0.343	0.185	0.197	0.162	0.184
0.343	0.185	0.197	0.162	0.184
0.343	0.185	0.197	0.162	0.184
0.343	0.185	0.197	0.162	0.184
0.343	0.185	0.197	0.162	0.184
0.343	0.185	0.207	0.162	0.194
0.343	0.185	0.197	0.162	0.194
0.343	0.185	0.197	0.162	0.184
0.343	0.185	0.197	0.162	0.184
0.343	0.185	0.197	0.162	0.184
0.343	0.185	0.197	0.162	0.184
0.343	0.185	0.197	0.162	0.184
0.343	0.185	0.197	0.162	0.184
0.343	0.185	0.197	0.162	0.184
0.353	0.185	0.197	0.162	0.184
0.343	0.185	0.197	0.162	0.184
0.343	0.185	0.197	0.162	0.184
0.343	0.185	0.197	0.162	0.184
0.343	0.185	0.197	0.162	0.184
0.343	0.185	0.197	0.162	0.184
0.343	0.185	0.197	0.162	0.184
0.343	0.185	0.197	0.162	0.184
0.353	0.185	0.197	0.162	0.184
0.343	0.185	0.197	0.162	0.194
0.343	0.185	0.207	0.162	0.184
0.343	0.185	0.197	0.162	0.184
0.343	0.185	0.197	0.162	0.184
0.343	0.185	0.197	0.162	0.184
0.343	0.185	0.197	0.162	0.184
0.343	0.185	0.197	0.162	0.184
0.353	0.185	0.197	0.162	0.184
0.343	0.185	0.197	0.162	0.184
0.343	0.195	0.197	0.162	0.184
0.343	0.185	0.197	0.162	0.184
0.343	0.185	0.197	0.162	0.184
0.343	0.185	0.197	0.162	0.184
0.343	0.185	0.197	0.162	0.184
0.343	0.185	0.207	0.162	0.184
0.343	0.185	0.197	0.162	0.184
0.343	0.185	0.197	0.162	0.184
0.343	0.185	0.197	0.162	0.184
0.343	0.185	0.197	0.162	0.194
0.343	0.185	0.197	0.162	0.184
0.343	0.185	0.197	0.162	0.184
0.343	0.185	0.207	0.162	0.184
0.343	0.185	0.197	0.162	0.184
0.343	0.185	0.197	0.162	0.184
0.343	0.185	0.197	0.162	0.184
0.343	0.185	0.197	0.162	0.184
0.343	0.185	0.207	0.162	0.184
0.343	0.185	0.197	0.162	0.184
0.343	0.185	0.197	0.162	0.184
0.353	0.185	0.197	0.162	0.184
0.343	0.185	0.197	0.162	0.184
0.343	0.185	0.197	0.162	0.184
0.343	0.185	0.197	0.162	0.184
0.343	0.185	0.197	0.162	0.184
0.343	0.185	0.197	0.162	0.184
0.343	0.185	0.197	0.162	0.194
0.343	0.185	0.207	0.162	0.184
0.343	0.185	0.197	0.162	0.184
0.343	0.185	0.207	0.162	0.184
0.343	0.185	0.197	0.162	0.184
0.343	0.185	0.197	0.162	0.184
0.343	0.185	0.197	0.162	0.184
0.353	0.185	0.197	0.162	0.184
0.343	0.185	0.197	0.162	0.184
0.343	0.185	0.197	0.162	0.184
0.343	0.185	0.197	0.162	0.184
0.343	0.195	0.197	0.162	0.184
0.353	0.185	0.197	0.162	0.184
0.343	0.185	0.197	0.162	0.184
0.343	0.185	0.197	0.162	0.184
0.343	0.185	0.197	0.162	0.184
0.343	0.185	0.207	0.162	0.184
0.343	0.185	0.207	0.162	0.184
0.343	0.185	0.197	0.162	0.184
0.343	0.185	0.197	0.162	0.184
0.343	0.185	0.197	0.162	0.184
0.343	0.185	0.207	0.162	0.184
0.343	0.185	0.197	0.162	0.184
0.343	0.185	0.197	0.162	0.184
0.343	0.185	0.197	0.162	0.184
0.353	0.185	0.207	0.162	0.184
0.343	0.185	0.197	0.162	0.184
0.343	0.185	0.197	0.162	0.184
0.343	0.185	0.197	0.162	0.184
0.343	0.185	0.197	0.162	0.184
0.343	0.185	0.197	0.162	0.184
0.343	0.185	0.197	0.162	0.184
0.343	0.185	0.197	0.162	0.184
0.343	0.185	0.197	0.162	0.184
0.343	0.185	0.197	0.162	0.184
0.343	0.185	0.197	0.162	0.184
0.343	0.185	0.197	0.162	0.194
0.343	0.185	0.207	0.162	0.184
0.363	0.185	0.197	0.162	0.184
0.353	0.185	0.197	0.162	0.184
0.343	0.185	0.197	0.162	0.184
0.343	0.185	0.197	0.162	0.184
0.343	0.185	0.197	0.162	0.194
0.343	0.185	0.197	0.162	0.184
0.343	0.185	0.197	0.162	0.184
0.343	0.185	0.197	0.162	0.184
0.343	0.185	0.197	0.162	0.184
0.343	0.185	0.197	0.162	0.184
0.343	0.185	0.197	0.162	0.184
0.343	0.185	0.197	0.162	0.184
0.353	0.185	0.197	0.162	0.184
0.353	0.185	0.207	0.162	0.184
0.343	0.185	0.197	0.162	0.184
0.343	0.185	0.197	0.162	0.184
0.353	0.185	0.197	0.162	0.184
0.343	0.185	0.207	0.162	0.184
0.353	0.185	0.207	0.162	0.184
0.343	0.185	0.197	0.162	0.184
0.343	0.185	0.197	0.162	0.184
0.343	0.185	0.197	0.162	0.184
0.343	0.185	0.197	0.162	0.184
0.343	0.185	0.197	0.162	0.184
0.343	0.185	0.197	0.162	0.184
0.343	0.185	0.197	0.162	0.184
0.343	0.185	0.197	0.162	0.184
0.343	0.185	0.197	0.162	0.184
0.343	0.185	0.197	0.162	0.184
0.343	0.185	0.197	0.162	0.184
0.343	0.185	0.197	0.162	0.184
0.353	0.185	0.197	0.162	0.184
0.343	0.185	0.197	0.162	0.184
0.353	0.185	0.197	0.162	0.184
0.343	0.185	0.197	0.162	0.184
0.343	0.185	0.197	0.162	0.184
0.353	0.185	0.197	0.162	0.184
0.343	0.185	0.197	0.162	0.184
0.353	0.185	0.197	0.162	0.184
0.333	0.185	0.197	0.162	0.184
0.353	0.185	0.197	0.162	0.184
0.343	0.185	0.197	0.162	0.184
0.343	0.185	0.197	0.162	0.184
0.343	0.185	0.207	0.162	0.184
0.343	0.185	0.197	0.162	0.184
0.343	0.185	0.197	0.162	0.184
0.353	0.185	0.197	0.162	0.184
0.353	0.185	0.207	0.162	0.184
0.343	0.185	0.207	0.162	0.184
0.343	0.185	0.197	0.162	0.184
0.343	0.185	0.197	0.162	0.184
0.343	0.185	0.197	0.162	0.194
0.353	0.185	0.197	0.162	0.184
0.343	0.185	0.207	0.162	0.184
0.343	0.185	0.207	0.162	0.184
0.343	0.185	0.197	0.162	0.184
0.343	0.185	0.197	0.162	0.184
0.343	0.185	0.197	0.162	0.184
0.353	0.185	0.197	0.162	0.184
0.353	0.185	0.207	0.162	0.184
0.343	0.185	0.207	0.162	0.184
0.343	0.185	0.197	0.162	0.184
0.343	0.185	0.197	0.162	0.184
0.343	0.185	0.197	0.162	0.184
0.343	0.185	0.197	0.162	0.194
0.343	0.185	0.197	0.162	0.184
0.333	0.185	0.197	0.162	0.184
0.343	0.185	0.207	0.162	0.184
0.353	0.185	0.207	0.162	0.184
0.343	0.185	0.197	0.162	0.184
0.343	0.185	0.197	0.162	0.184
0.343	0.185	0.197	0.162	0.184
0.343	0.185	0.197	0.162	0.184
0.343	0.185	0.197	0.162	0.194
0.343	0.185	0.197	0.162	0.184
0.343	0.185	0.197	0.162	0.184
0.343	0.185	0.197	0.162	0.184
0.343	0.185	0.197	0.162	0.184
0.343	0.185	0.197	0.162	0.184
0.353	0.185	0.197	0.162	0.184
0.343	0.185	0.197	0.162	0.184
0.353	0.185	0.197	0.162	0.184
0.343	0.185	0.197	0.162	0.184
0.343	0.185	0.197	0.162	0.184
0.343	0.185	0.207	0.162	0.184
0.343	0.185	0.197	0.162	0.184
0.343	0.185	0.197	0.162	0.184
0.343	0.185	0.197	0.162	0.184
0.343	0.185	0.197	0.162	0.184
0.343	0.185	0.197	0.162	0.184
0.343	0.185	0.197	0.162	0.174
0.343	0.185	0.197	0.162	0.174
0.343	0.185	0.207	0.162	0.184
0.343	0.185	0.197	0.162	0.184
0.343	0.185	0.197	0.162	0.184
0.343	0.185	0.207	0.162	0.184
0.343	0.185	0.197	0.162	0.184
0.343	0.185	0.197	0.162	0.184
0.343	0.185	0.197	0.162	0.184
0.343	0.185	0.197	0.162	0.184
0.343	0.185	0.197	0.162	0.184
0.343	0.185	0.207	0.162	0.184
0.343	0.195	0.197	0.162	0.184
0.343	0.185	0.207	0.162	0.184
0.343	0.185	0.197	0.162	0.184
0.343	0.185	0.197	0.162	0.184
0.343	0.185	0.197	0.162	0.184
0.343	0.185	0.197	0.162	0.184
0.343	0.185	0.197	0.162	0.184
0.343	0.185	0.197	0.162	0.194
0.343	0.185	0.207	0.162	0.184
0.343	0.185	0.197	0.162	0.184
0.343	0.185	0.197	0.162	0.184
0.343	0.185	0.197	0.162	0.184
0.353	0.185	0.197	0.162	0.184
0.343	0.195	0.197	0.162	0.184
0.343	0.185	0.197	0.162	0.184
0.343	0.185	0.197	0.162	0.184
0.343	0.185	0.197	0.162	0.184
0.353	0.185	0.207	0.162	0.184
0.343	0.185	0.197	0.162	0.184
0.343	0.185	0.197	0.162	0.184
0.353	0.185	0.197	0.162	0.194
0.343	0.185	0.197	0.162	0.184
0.343	0.185	0.197	0.162	0.184
0.343	0.185	0.197	0.162	0.184
0.343	0.185	0.207	0.162	0.184
0.343	0.185	0.197	0.162	0.184
0.343	0.185	0.197	0.162	0.184
0.343	0.185	0.197	0.162	0.184
0.353	0.185	0.197	0.162	0.184
0.353	0.185	0.197	0.162	0.184
0.343	0.185	0.207	0.162	0.184
0.343	0.185	0.197	0.162	0.184
0.343	0.185	0.197	0.162	0.184
0.353	0.185	0.197	0.162	0.184
0.343	0.185	0.207	0.162	0.184
0.343	0.185	0.197	0.162	0.184
0.343	0.185	0.197	0.162	0.184
0.343	0.185	0.197	0.162	0.184
0.343	0.195	0.197	0.162	0.184
0.343	0.185	0.197	0.162	0.184
0.343	0.185	0.207	0.162	0.184
0.343	0.185	0.197	0.162	0.184
0.353	0.185	0.197	0.162	0.184
0.353	0.185	0.197	0.162	0.184
0.343	0.185	0.197	0.162	0.184
0.343	0.185	0.207	0.162	0.184
0.343	0.185	0.197	0.162	0.184
0.343	0.185	0.197	0.162	0.184
0.353	0.185	0.197	0.162	0.184
0.343	0.185	0.197	0.162	0.184
0.343	0.185	0.197	0.162	0.184
0.343	0.185	0.207	0.162	0.184
0.343	0.185	0.197	0.162	0.184
0.343	0.185	0.197	0.162	0.184
0.343	0.185	0.197	0.162	0.184
0.343	0.185	0.197	0.162	0.194
0.343	0.185	0.197	0.162	0.184
0.343	0.185	0.207	0.162	0.184
0.343	0.185	0.207	0.162	0.184
0.343	0.185	0.197	0.162	0.184
0.343	0.185	0.197	0.162	0.184
0.343	0.185	0.197	0.162	0.184
0.343	0.185	0.197	0.162	0.184
0.343	0.195	0.197	0.162	0.184
0.343	0.185	0.197	0.162	0.174
0.343	0.185	0.197	0.162	0.184
0.343	0.185	0.197	0.162	0.184
0.343	0.185	0.197	0.162	0.184
0.343	0.185	0.197	0.162	0.184
0.343	0.185	0.197	0.162	0.184
0.353	0.185	0.197	0.162	0.184
0.343	0.185	0.197	0.162	0.184
0.343	0.185	0.197	0.162	0.184
0.343	0.195	0.207	0.162	0.184
0.343	0.185	0.197	0.162	0.184
0.353	0.185	0.207	0.162	0.184
0.343	0.185	0.197	0.162	0.184
0.343	0.185	0.197	0.162	0.184
0.343	0.185	0.197	0.162	0.184
0.343	0.185	0.197	0.162	0.184
0.343	0.185	0.207	0.162	0.194
0.343	0.195	0.197	0.162	0.184
0.343	0.185	0.197	0.162	0.184
0.343	0.185	0.197	0.162	0.184
0.343	0.195	0.197	0.162	0.184
0.343	0.185	0.207	0.162	0.184
0.353	0.185	0.207	0.162	0.184
0.353	0.185	0.197	0.162	0.184
0.343	0.185	0.197	0.162	0.184
0.353	0.185	0.207	0.162	0.184
0.343	0.185	0.197	0.162	0.184
0.343	0.185	0.207	0.162	0.184
0.343	0.195	0.197	0.162	0.184
0.343	0.185	0.207	0.162	0.184
0.343	0.185	0.197	0.162	0.184
0.343	0.185	0.197	0.162	0.184
0.343	0.185	0.207	0.162	0.184
0.343	0.185	0.207	0.162	0.184
0.353	0.185	0.197	0.162	0.184
0.353	0.185	0.207	0.162	0.184
0.353	0.185	0.207	0.162	0.184
0.343	0.185	0.197	0.162	0.184
0.343	0.195	0.207	0.162	0.184
0.343	0.185	0.197	0.162	0.184
0.343	0.185	0.197	0.162	0.184
0.343	0.185	0.197	0.162	0.184
0.343	0.185	0.197	0.162	0.184
0.343	0.185	0.197	0.162	0.184
0.343	0.185	0.197	0.162	0.184
0.343	0.185	0.207	0.162	0.184
0.343	0.185	0.197	0.162	0.184
0.353	0.185	0.207	0.162	0.184
0.343	0.185	0.207	0.162	0.184
0.343	0.185	0.207	0.162	0.184
0.343	0.185	0.207	0.162	0.184
0.343	0.185	0.207	0.162	0.184
0.343	0.185	0.197	0.162	0.184
0.343	0.185	0.207	0.162	0.184
0.343	0.185	0.207	0.162	0.184
0.343	0.185	0.207	0.162	0.184
0.343	0.185	0.197	0.162	0.184
0.343	0.185	0.197	0.162	0.184
0.343	0.185	0.197	0.162	0.184
0.343	0.185	0.197	0.162	0.184
0.343	0.185	0.207	0.162	0.184
0.343	0.185	0.207	0.162	0.184
0.343	0.185	0.197	0.162	0.184
0.353	0.185	0.207	0.162	0.184
0.343	0.185	0.197	0.162	0.184
0.343	0.185	0.197	0.162	0.184
0.343	0.185	0.197	0.162	0.184
0.343	0.185	0.197	0.162	0.184
0.353	0.185	0.197	0.162	0.184
0.343	0.185	0.207	0.162	0.184
0.343	0.185	0.207	0.162	0.184
0.343	0.185	0.207	0.162	0.184
0.343	0.185	0.197	0.162	0.184
0.343	0.185	0.197	0.162	0.184
0.343	0.185	0.207	0.162	0.184
0.353	0.185	0.197	0.162	0.184
0.343	0.185	0.207	0.162	0.184
0.343	0.185	0.207	0.162	0.184
0.343	0.185	0.207	0.162	0.184
0.343	0.185	0.197	0.162	0.184
0.343	0.185	0.207	0.162	0.184
0.343	0.185	0.207	0.162	0.184
0.343	0.185	0.207	0.162	0.184
0.343	0.185	0.197	0.162	0.184
0.343	0.185	0.197	0.162	0.184
0.343	0.195	0.197	0.162	0.184
0.343	0.185	0.197	0.162	0.184
0.343	0.185	0.197	0.162	0.184
0.353	0.185	0.197	0.162	0.184
0.343	0.195	0.197	0.162	0.184
0.353	0.185	0.197	0.162	0.184
0.343	0.185	0.197	0.162	0.184
0.353	0.185	0.207	0.162	0.184
0.343	0.185	0.197	0.162	0.184
0.343	0.185	0.197	0.162	0.184
0.343	0.185	0.207	0.162	0.184
0.343	0.185	0.197	0.162	0.184
0.343	0.185	0.197	0.162	0.184
0.343	0.195	0.197	0.162	0.184
0.343	0.195	0.197	0.162	0.184
0.343	0.185	0.207	0.162	0.184
0.343	0.195	0.207	0.162	0.184
0.353	0.195	0.207	0.162	0.184
0.343	0.185	0.207	0.162	0.184
0.353	0.185	0.207	0.162	0.184
0.343	0.185	0.197	0.162	0.184
0.343	0.185	0.207	0.162	0.184
0.343	0.195	0.207	0.162	0.184
0.343	0.185	0.197	0.162	0.184
0.343	0.185	0.207	0.162	0.184
0.343	0.185	0.207	0.162	0.184
0.353	0.185	0.207	0.162	0.184
0.353	0.185	0.207	0.162	0.184
0.343	0.185	0.207	0.162	0.184
0.343	0.185	0.197	0.162	0.184
0.343	0.185	0.197	0.162	0.184
0.333	0.185	0.207	0.162	0.184
0.333	0.185	0.197	0.162	0.184
0.343	0.185	0.197	0.162	0.184
0.343	0.185	0.197	0.162	0.184
0.343	0.185	0.207	0.162	0.184
0.343	0.185	0.207	0.162	0.184
0.343	0.185	0.197	0.162	0.184
0.353	0.185	0.207	0.162	0.184
0.343	0.185	0.207	0.162	0.184
0.343	0.185	0.207	0.162	0.184
0.343	0.185	0.197	0.162	0.184
0.343	0.185	0.207	0.162	0.184
0.343	0.185	0.197	0.162	0.184
0.343	0.185	0.207	0.162	0.184
0.363	0.185	0.197	0.162	0.184
0.353	0.185	0.197	0.162	0.184
0.343	0.185	0.207	0.162	0.184
0.343	0.185	0.197	0.162	0.184
0.333	0.185	0.207	0.162	0.184
0.343	0.185	0.207	0.162	0.194
0.343	0.185	0.197	0.162	0.184
0.343	0.185	0.197	0.162	0.184
0.343	0.195	0.207	0.162	0.184
0.343	0.185	0.197	0.162	0.184
0.343	0.185	0.197	0.162	0.184
0.343	0.185	0.207	0.162	0.184
0.353	0.185	0.207	0.162	0.184
0.343	0.185	0.197	0.162	0.184
0.333	0.185	0.207	0.162	0.184
0.343	0.185	0.197	0.162	0.184
0.343	0.185	0.207	0.162	0.184
0.343	0.185	0.197	0.162	0.184
0.343	0.185	0.197	0.162	0.184
0.343	0.195	0.197	0.162	0.184
0.343	0.185	0.197	0.162	0.184
0.343	0.185	0.207	0.162	0.184
0.343	0.185	0.197	0.162	0.184
0.343	0.185	0.207	0.162	0.184
0.343	0.185	0.197	0.162	0.184
0.353	0.185	0.207	0.162	0.194
0.343	0.185	0.207	0.162	0.184
0.343	0.185	0.207	0.162	0.184
0.343	0.185	0.197	0.162	0.184
0.353	0.185	0.207	0.162	0.184
0.343	0.185	0.207	0.162	0.184
0.353	0.185	0.197	0.162	0.184
0.343	0.185	0.207	0.162	0.184
0.353	0.185	0.197	0.162	0.184
0.343	0.185	0.197	0.162	0.184
0.353	0.185	0.197	0.162	0.184
0.343	0.185	0.197	0.162	0.184
0.343	0.185	0.207	0.162	0.194
0.353	0.185	0.197	0.162	0.184
0.333	0.185	0.207	0.162	0.184
0.353	0.185	0.207	0.162	0.184
0.343	0.185	0.197	0.162	0.184
0.343	0.185	0.197	0.162	0.184
0.343	0.185	0.207	0.162	0.184
0.353	0.185	0.207	0.162	0.184
0.353	0.185	0.207	0.162	0.184
0.343	0.185	0.207	0.162	0.184
0.343	0.185	0.197	0.162	0.184
0.343	0.185	0.207	0.162	0.184
0.333	0.185	0.207	0.162	0.184
0.353	0.185	0.197	0.162	0.184
0.353	0.185	0.197	0.162	0.184
0.343	0.185	0.197	0.162	0.184
0.343	0.185	0.207	0.162	0.184
0.343	0.185	0.207	0.162	0.194
0.353	0.185	0.207	0.162	0.184
0.343	0.185	0.197	0.162	0.184
0.343	0.185	0.197	0.162	0.184
0.343	0.185	0.207	0.162	0.184
0.353	0.185	0.197	0.162	0.184
0.333	0.185	0.197	0.162	0.184
0.343	0.185	0.207	0.162	0.184
0.333	0.185	0.197	0.162	0.184
0.343	0.185	0.207	0.162	0.184
0.353	0.185	0.207	0.162	0.184
0.343	0.185	0.207	0.162	0.184
0.343	0.185	0.197	0.162	0.184
0.353	0.185	0.207	0.162	0.184
0.353	0.185	0.207	0.162	0.184
0.353	0.185	0.197	0.162	0.184
0.333	0.185	0.207	0.162	0.184
0.343	0.185	0.207	0.162	0.184
0.343	0.185	0.197	0.162	0.184
0.353	0.185	0.197	0.162	0.184
0.333	0.185	0.207	0.162	0.184
0.353	0.185	0.197	0.162	0.184
0.343	0.195	0.197	0.162	0.184
0.343	0.185	0.207	0.162	0.184
0.343	0.185	0.207	0.162	0.184
0.333	0.185	0.207	0.162	0.184
0.353	0.185	0.197	0.162	0.184
0.343	0.185	0.197	0.162	0.184
0.343	0.195	0.197	0.162	0.184
0.353	0.185	0.197	0.162	0.184
0.343	0.195	0.197	0.162	0.184
0.343	0.185	0.207	0.162	0.184
0.343	0.185	0.197	0.162	0.184
0.343	0.185	0.197	0.162	0.184
0.343	0.185	0.207	0.162	0.184
0.343	0.185	0.207	0.162	0.184
0.353	0.185	0.197	0.162	0.184
0.343	0.185	0.197	0.162	0.194
0.343	0.185	0.207	0.162	0.184
0.343	0.185	0.207	0.162	0.184
0.343	0.185	0.207	0.162	0.184
0.343	0.185	0.207	0.162	0.184
0.343	0.185	0.207	0.162	0.184
0.343	0.185	0.197	0.162	0.184
0.343	0.185	0.197	0.162	0.184
0.343	0.185	0.207	0.162	0.184
0.343	0.185	0.207	0.162	0.184
0.353	0.185	0.197	0.162	0.184
0.353	0.185	0.207	0.162	0.184
0.353	0.185	0.207	0.162	0.184
0.343	0.185	0.207	0.162	0.184
0.343	0.185	0.207	0.162	0.184
0.343	0.185	0.197	0.162	0.184
0.343	0.185	0.197	0.162	0.184
0.343	0.185	0.197	0.162	0.184
0.353	0.185	0.197	0.162	0.184
0.343	0.185	0.207	0.162	0.184
0.343	0.185	0.207	0.162	0.184
0.343	0.185	0.207	0.162	0.184
0.343	0.185	0.197	0.162	0.184
0.343	0.195	0.197	0.162	0.184
0.353	0.185	0.207	0.162	0.184
0.353	0.185	0.197	0.162	0.184
0.343	0.185	0.197	0.162	0.184
0.343	0.185	0.197	0.162	0.184
0.353	0.185	0.197	0.162	0.184
0.343	0.185	0.197	0.162	0.184
0.343	0.185	0.197	0.162	0.184
0.343	0.185	0.207	0.162	0.184
0.353	0.185	0.207	0.162	0.184
0.343	0.185	0.207	0.162	0.184
0.353	0.185	0.197	0.162	0.184
0.343	0.185	0.197	0.162	0.184
0.343	0.185	0.197	0.162	0.184
0.343	0.195	0.207	0.162	0.184
0.343	0.185	0.197	0.162	0.184
0.353	0.185	0.197	0.162	0.184
0.343	0.185	0.207	0.162	0.184
0.353	0.185	0.207	0.162	0.184
0.343	0.185	0.207	0.162	0.184
0.343	0.185	0.197	0.162	0.184
0.353	0.185	0.197	0.162	0.184
0.343	0.185	0.197	0.162	0.184
0.353	0.185	0.197	0.162	0.184
0.343	0.185	0.207	0.162	0.184
0.343	0.185	0.207	0.162	0.184
0.353	0.185	0.197	0.162	0.184
0.353	0.185	0.197	0.162	0.184
0.353	0.185	0.197	0.162	0.184
0.343	0.185	0.207	0.162	0.184
0.343	0.185	0.197	0.162	0.184
0.353	0.185	0.207	0.162	0.184
0.343	0.185	0.197	0.162	0.184
0.343	0.185	0.197	0.162	0.184
0.343	0.185	0.207	0.162	0.184
0.343	0.185	0.207	0.162	0.184
0.343	0.195	0.207	0.162	0.184
0.343	0.185	0.207	0.162	0.184
0.343	0.185	0.207	0.162	0.184
0.343	0.185	0.197	0.162	0.184
0.353	0.185	0.197	0.162	0.184
0.343	0.185	0.207	0.162	0.184
0.343	0.185	0.197	0.162	0.184
0.343	0.185	0.207	0.162	0.184
0.353	0.185	0.207	0.162	0.184
0.343	0.185	0.207	0.162	0.184
0.343	0.185	0.197	0.162	0.184
0.343	0.185	0.207	0.162	0.184

